{"Factor1": {"Sample_ID": {}, "WHO_3G": {"sum_sq": 190.3447439813743, "df": 2.0, "F": 45.877885615444605, "pvalue": 1.22032174613731e-15, "tukey_hsd": {"groups": ["mild", "moderate", "severe"], "pvalues": [[1.0, 7.758238496080594e-13, 1.0768053115839393e-12], [7.758238496080594e-13, 1.0, 0.3352053054604883], [1.0768053115839393e-12, 0.3352053054604883, 1.0]]}}, "WHO_2G": {"sum_sq": 186.17842622691245, "df": 1.0, "F": 89.02919703669014, "pvalue": 2.7588064570320066e-16}, "Sex": {"sum_sq": 22.38887257972413, "df": 1.0, "F": 6.582014507583797, "pvalue": 0.011482462324103061}, "Age": {"sum_sq": 85.02522305102153, "df": 1.0, "F": 29.314675344548824, "pvalue": 3.028051277308306e-07}, "BMI": {"sum_sq": 12.8636168106229, "df": 1.0, "F": 4.760471496498426, "pvalue": 0.032018570921620734}}, "Factor2": {"Sample_ID": {}, "WHO_3G": {"sum_sq": 100.03416647142961, "df": 2.0, "F": 34.48639135628087, "pvalue": 1.2342092297623137e-12, "tukey_hsd": {"groups": ["mild", "moderate", "severe"], "pvalues": [[1.0, 0.0004931695623719978, 4.3653969328261155e-13], [0.0004931695623719978, 1.0, 1.6394428320465337e-06], [4.3653969328261155e-13, 1.6394428320465337e-06, 1.0]]}}, "WHO_2G": {"sum_sq": 59.53860722404169, "df": 1.0, "F": 33.77685377672642, "pvalue": 4.836383003350278e-08}, "Sex": {"sum_sq": 15.467995874842194, "df": 1.0, "F": 7.31254232117991, "pvalue": 0.007801835441761967}, "Age": {"sum_sq": 9.67196454953266, "df": 1.0, "F": 4.474369346920605, "pvalue": 0.036391751083418696}, "BMI": {"sum_sq": 0.6079847100792711, "df": 1.0, "F": 0.27530944580956773, "pvalue": 0.6012252985252424}}, "Factor3": {"Sample_ID": {}, "WHO_3G": {"sum_sq": 13.558799167446557, "df": 2.0, "F": 5.70658985700387, "pvalue": 0.004257615519702848, "tukey_hsd": {"groups": ["mild", "moderate", "severe"], "pvalues": [[1.0, 0.07711838590887399, 0.0037463959992672935], [0.07711838590887399, 1.0, 0.27911997255142273], [0.0037463959992672935, 0.27911997255142273, 1.0]]}}, "WHO_2G": {"sum_sq": 10.767169004030714, "df": 1.0, "F": 8.966484066218841, "pvalue": 0.0033155848903954886}, "Sex": {"sum_sq": 10.580784572413663, "df": 1.0, "F": 8.80034280693353, "pvalue": 0.003609293383971811}, "Age": {"sum_sq": 23.49449076586432, "df": 1.0, "F": 21.377957585929853, "pvalue": 9.266110186713685e-06}, "BMI": {"sum_sq": 12.764910527638106, "df": 1.0, "F": 10.583510304219654, "pvalue": 0.0016650602500118384}}, "Factor4": {"Sample_ID": {}, "WHO_3G": {"sum_sq": 35.695926784362506, "df": 2.0, "F": 25.293577331841703, "pvalue": 6.128902026813903e-10, "tukey_hsd": {"groups": ["mild", "moderate", "severe"], "pvalues": [[1.0, 6.984326450520939e-10, 0.24529064677523182], [6.984326450520939e-10, 1.0, 0.00012885114310079437], [0.24529064677523182, 0.00012885114310079437, 1.0]]}}, "WHO_2G": {"sum_sq": 23.026001042099033, "df": 1.0, "F": 28.734135335086403, "pvalue": 3.861366100317647e-07}, "Sex": {"sum_sq": 4.030795202684758, "df": 1.0, "F": 4.228218214537447, "pvalue": 0.041838487354224005}, "Age": {"sum_sq": 10.7431646687396, "df": 1.0, "F": 11.94203420415845, "pvalue": 0.0007503008481755364}, "BMI": {"sum_sq": 0.7768740259602043, "df": 1.0, "F": 0.8102198726126701, "pvalue": 0.3707236149837946}}, "Factor5": {"Sample_ID": {}, "WHO_3G": {"sum_sq": 12.497754884554904, "df": 2.0, "F": 7.204525206109615, "pvalue": 0.0010963422659830276, "tukey_hsd": {"groups": ["mild", "moderate", "severe"], "pvalues": [[1.0, 0.12292950906419442, 0.0006925398632862123], [0.12292950906419442, 1.0, 0.06970475110062813], [0.0006925398632862123, 0.06970475110062813, 1.0]]}}, "WHO_2G": {"sum_sq": 8.174692904841159, "df": 1.0, "F": 9.133733339428177, "pvalue": 0.0030447389091770014}, "Sex": {"sum_sq": 4.852877347828755, "df": 1.0, "F": 5.265853510674463, "pvalue": 0.023415191726366046}, "Age": {"sum_sq": 16.66728616316155, "df": 1.0, "F": 20.15246504840965, "pvalue": 1.6035922563976437e-05}, "BMI": {"sum_sq": 0.0027817231842413477, "df": 1.0, "F": 0.002847689855485419, "pvalue": 0.9575734810889831}}, "Factor6": {"Sample_ID": {}, "WHO_3G": {"sum_sq": 1.7388257657927713, "df": 2.0, "F": 1.0690698550710862, "pvalue": 0.34647055664031373, "tukey_hsd": {"groups": ["mild", "moderate", "severe"], "pvalues": [[1.0, 0.37810239289484016, 0.9967427857094012], [0.37810239289484016, 1.0, 0.5387870334885596], [0.9967427857094012, 0.5387870334885596, 1.0]]}}, "WHO_2G": {"sum_sq": 0.8198573433023605, "df": 1.0, "F": 1.0070866811230923, "pvalue": 0.31754049425542424}, "Sex": {"sum_sq": 2.689293961239344, "df": 1.0, "F": 3.3652659586418787, "pvalue": 0.06896282649845156}, "Age": {"sum_sq": 0.43173009472122664, "df": 1.0, "F": 0.5283084909348451, "pvalue": 0.4686778869854906}, "BMI": {"sum_sq": 1.4236670814925487, "df": 1.0, "F": 2.0712417644970564, "pvalue": 0.15395257221175707}}, "Factor7": {"Sample_ID": {}, "WHO_3G": {"sum_sq": 6.310724536550047, "df": 2.0, "F": 3.622868890996457, "pvalue": 0.02957069622427133, "tukey_hsd": {"groups": ["mild", "moderate", "severe"], "pvalues": [[1.0, 0.1063224343680661, 0.8018562254597077], [0.1063224343680661, 1.0, 0.046235552753044584], [0.8018562254597077, 0.046235552753044584, 1.0]]}}, "WHO_2G": {"sum_sq": 1.2770567998548925, "df": 1.0, "F": 1.4122696422381162, "pvalue": 0.2369329164443833}, "Sex": {"sum_sq": 2.61952748776225, "df": 1.0, "F": 2.9316985147006225, "pvalue": 0.08933578506050972}, "Age": {"sum_sq": 1.8678986871909433, "df": 1.0, "F": 2.076523366797474, "pvalue": 0.15208085944178767}, "BMI": {"sum_sq": 1.363669439659357, "df": 1.0, "F": 1.0796067511980512, "pvalue": 0.30187724837264823}}, "Factor8": {"Sample_ID": {}, "WHO_3G": {"sum_sq": 0.9453191584531011, "df": 2.0, "F": 0.592893517096805, "pvalue": 0.5542848245605908, "tukey_hsd": {"groups": ["mild", "moderate", "severe"], "pvalues": [[1.0, 0.8414575754181544, 0.8323272323992978], [0.8414575754181544, 1.0, 0.5297982235014169], [0.8323272323992978, 0.5297982235014169, 1.0]]}}, "WHO_2G": {"sum_sq": 0.019777855856355428, "df": 1.0, "F": 0.024776987942937083, "pvalue": 0.875178014767859}, "Sex": {"sum_sq": 0.06362375168099352, "df": 1.0, "F": 0.07974059278979548, "pvalue": 0.7781162930037456}, "Age": {"sum_sq": 0.004805006967128892, "df": 1.0, "F": 0.006018637111217813, "pvalue": 0.9382862955377045}, "BMI": {"sum_sq": 0.3345194574087163, "df": 1.0, "F": 0.5308192383710089, "pvalue": 0.4683638578924423}}, "Factor9": {"Sample_ID": {}, "WHO_3G": {"sum_sq": 12.866249900618861, "df": 2.0, "F": 10.111677707921956, "pvalue": 8.549437983282122e-05, "tukey_hsd": {"groups": ["mild", "moderate", "severe"], "pvalues": [[1.0, 0.00013984751080242663, 0.003494283320315983], [0.00013984751080242663, 1.0, 0.9824804278805425], [0.003494283320315983, 0.9824804278805425, 1.0]]}}, "WHO_2G": {"sum_sq": 12.845849641114127, "df": 1.0, "F": 20.348860925828173, "pvalue": 1.4680755357995186e-05}, "Sex": {"sum_sq": 2.248323787524197, "df": 1.0, "F": 3.1398485345319087, "pvalue": 0.07883736222611412}, "Age": {"sum_sq": 0.26739232155688464, "df": 1.0, "F": 0.36533563559057997, "pvalue": 0.5466533213697234}, "BMI": {"sum_sq": 0.7107943405141471, "df": 1.0, "F": 5.331203217207546, "pvalue": 0.023495484646941484}}, "Factor10": {"Sample_ID": {}, "WHO_3G": {"sum_sq": 1.0614149964275783, "df": 2.0, "F": 0.6147415178219495, "pvalue": 0.5424204304627469, "tukey_hsd": {"groups": ["mild", "moderate", "severe"], "pvalues": [[1.0, 0.5902303469001833, 0.637546668129332], [0.5902303469001833, 1.0, 0.9945652257369577], [0.637546668129332, 0.9945652257369577, 1.0]]}}, "WHO_2G": {"sum_sq": 1.0528811550686643, "df": 1.0, "F": 1.2293353830463583, "pvalue": 0.2696650227538778}, "Sex": {"sum_sq": 0.3629029188272716, "df": 1.0, "F": 0.4210091023592798, "pvalue": 0.5176242733092389}, "Age": {"sum_sq": 0.0004537179507908414, "df": 1.0, "F": 0.0005246002958848763, "pvalue": 0.9817632487992654}, "BMI": {"sum_sq": 2.000008577618029, "df": 1.0, "F": 6.8443699777376885, "pvalue": 0.010604822061865162}}, "Factor11": {"Sample_ID": {}, "WHO_3G": {"sum_sq": 2.372060700689859, "df": 2.0, "F": 1.3427396934128415, "pvalue": 0.2648990811366028, "tukey_hsd": {"groups": ["mild", "moderate", "severe"], "pvalues": [[1.0, 0.49194431256289994, 0.26383042543933477], [0.49194431256289994, 1.0, 0.7933772064341574], [0.26383042543933477, 0.7933772064341574, 1.0]]}}, "WHO_2G": {"sum_sq": 2.0002150375802548, "df": 1.0, "F": 2.275040421035305, "pvalue": 0.13399506968883407}, "Sex": {"sum_sq": 4.607337910526785, "df": 1.0, "F": 5.36771314065023, "pvalue": 0.02213994446315199}, "Age": {"sum_sq": 1.4331555261263138, "df": 1.0, "F": 1.6217004975275913, "pvalue": 0.20521784876332755}, "BMI": {"sum_sq": 0.18260417834903653, "df": 1.0, "F": 0.17987309279427544, "pvalue": 0.6726065858821015}}, "Factor12": {"Sample_ID": {}, "WHO_3G": {"sum_sq": 2.0338948538087003, "df": 2.0, "F": 1.1629681864873445, "pvalue": 0.3159423643345597, "tukey_hsd": {"groups": ["mild", "moderate", "severe"], "pvalues": [[1.0, 0.3571451121498881, 0.448143684856967], [0.3571451121498881, 1.0, 0.9964959508763027], [0.448143684856967, 0.9964959508763027, 1.0]]}}, "WHO_2G": {"sum_sq": 2.0283272241748698, "df": 1.0, "F": 2.338155448279593, "pvalue": 0.12876562943459158}, "Sex": {"sum_sq": 0.056383215147625475, "df": 1.0, "F": 0.06383492984710838, "pvalue": 0.800949246012591}, "Age": {"sum_sq": 0.30751606851341884, "df": 1.0, "F": 0.34895170666637587, "pvalue": 0.5557737025783337}, "BMI": {"sum_sq": 0.07327619891679532, "df": 1.0, "F": 0.06502461420630491, "pvalue": 0.7993700216252722}}, "Factor13": {"Sample_ID": {}, "WHO_3G": {"sum_sq": 3.4832231648746044, "df": 2.0, "F": 2.097049244531554, "pvalue": 0.12715295589109632, "tukey_hsd": {"groups": ["mild", "moderate", "severe"], "pvalues": [[1.0, 0.11272027281065367, 0.8247802040683241], [0.11272027281065367, 1.0, 0.509122273678888], [0.8247802040683241, 0.509122273678888, 1.0]]}}, "WHO_2G": {"sum_sq": 2.4581201442094707, "df": 1.0, "F": 2.954249090387874, "pvalue": 0.08812767759480743}, "Sex": {"sum_sq": 0.28368629495874703, "df": 1.0, "F": 0.33396150871647734, "pvalue": 0.5643752512028714}, "Age": {"sum_sq": 0.5842398299209904, "df": 1.0, "F": 0.6897318053613254, "pvalue": 0.4078390471336213}, "BMI": {"sum_sq": 1.4291750535186745, "df": 1.0, "F": 1.586195334099933, "pvalue": 0.21148765996828617}}, "Factor14": {"Sample_ID": {}, "WHO_3G": {"sum_sq": 3.2016100803674856, "df": 2.0, "F": 1.9071157020101963, "pvalue": 0.1528386831039568, "tukey_hsd": {"groups": ["mild", "moderate", "severe"], "pvalues": [[1.0, 0.497048164214857, 0.6380671162835432], [0.497048164214857, 1.0, 0.1415527383180849], [0.6380671162835432, 0.1415527383180849, 1.0]]}}, "WHO_2G": {"sum_sq": 0.15567382915313474, "df": 1.0, "F": 0.18164173311367574, "pvalue": 0.6706991540194551}, "Sex": {"sum_sq": 0.7076232070206281, "df": 1.0, "F": 0.8299375888445985, "pvalue": 0.3640440396791995}, "Age": {"sum_sq": 7.373095517868237, "df": 1.0, "F": 9.224459081064706, "pvalue": 0.00290746157105424}, "BMI": {"sum_sq": 6.746159810350084, "df": 1.0, "F": 6.728140741353213, "pvalue": 0.011260278280278174}}, "Factor15": {"Sample_ID": {}, "WHO_3G": {"sum_sq": 8.057767250380447, "df": 2.0, "F": 4.976374216780861, "pvalue": 0.008339566779846465, "tukey_hsd": {"groups": ["mild", "moderate", "severe"], "pvalues": [[1.0, 0.22492330008926353, 0.23419114712256295], [0.22492330008926353, 1.0, 0.0064209637829258925], [0.23419114712256295, 0.0064209637829258925, 1.0]]}}, "WHO_2G": {"sum_sq": 0.20157888680877226, "df": 1.0, "F": 0.23277682082324577, "pvalue": 0.6303162680517095}, "Sex": {"sum_sq": 1.844367284804042, "df": 1.0, "F": 2.1626369295649144, "pvalue": 0.14391462453512976}, "Age": {"sum_sq": 0.21633149106760438, "df": 1.0, "F": 0.24984670492640573, "pvalue": 0.6180617950765688}, "BMI": {"sum_sq": 0.1381970800248972, "df": 1.0, "F": 0.11181427576912575, "pvalue": 0.7389522666247399}}, "Factor16": {"Sample_ID": {}, "WHO_3G": {"sum_sq": 1.9508092011273959, "df": 2.0, "F": 1.2128614631290457, "pvalue": 0.30084780505524417, "tukey_hsd": {"groups": ["mild", "moderate", "severe"], "pvalues": [[1.0, 0.9739266739731797, 0.4122959217642922], [0.9739266739731797, 1.0, 0.29092955202291004], [0.4122959217642922, 0.29092955202291004, 1.0]]}}, "WHO_2G": {"sum_sq": 0.12326129569638491, "df": 1.0, "F": 0.1517240815862454, "pvalue": 0.697556011509969}, "Sex": {"sum_sq": 0.24277112142595364, "df": 1.0, "F": 0.2991825186180085, "pvalue": 0.5853705230978493}, "Age": {"sum_sq": 0.1746183174226532, "df": 1.0, "F": 0.2150489263154428, "pvalue": 0.6436450752661331}, "BMI": {"sum_sq": 0.0061554352457438965, "df": 1.0, "F": 0.009544755930345341, "pvalue": 0.9224140347595748}}, "Factor17": {"Sample_ID": {}, "WHO_3G": {"sum_sq": 1.1096991401997016, "df": 2.0, "F": 0.7281481892884016, "pvalue": 0.4848549184268611, "tukey_hsd": {"groups": ["mild", "moderate", "severe"], "pvalues": [[1.0, 0.9967228095744125, 0.5544623981783006], [0.9967228095744125, 1.0, 0.49067656383986213], [0.5544623981783006, 0.49067656383986213, 1.0]]}}, "WHO_2G": {"sum_sq": 0.11730352576202453, "df": 1.0, "F": 0.15356999340617186, "pvalue": 0.6958141293269422}, "Sex": {"sum_sq": 0.5514664163193373, "df": 1.0, "F": 0.725259905638954, "pvalue": 0.39605255558319563}, "Age": {"sum_sq": 0.012770662208934148, "df": 1.0, "F": 0.01670065514828268, "pvalue": 0.8973825668683308}, "BMI": {"sum_sq": 0.07180500848563413, "df": 1.0, "F": 0.1828140721134247, "pvalue": 0.6701005068993379}}, "Factor18": {"Sample_ID": {}, "WHO_3G": {"sum_sq": 1.0496574570000405, "df": 2.0, "F": 0.47003805451108827, "pvalue": 0.6260874202087772, "tukey_hsd": {"groups": ["mild", "moderate", "severe"], "pvalues": [[1.0, 0.9731772413427848, 0.7402183272116705], [0.9731772413427848, 1.0, 0.6056397094144845], [0.7402183272116705, 0.6056397094144845, 1.0]]}}, "WHO_2G": {"sum_sq": 0.027980227819349668, "df": 1.0, "F": 0.025076217516188937, "pvalue": 0.8744328351952363}, "Sex": {"sum_sq": 1.0994242068441864, "df": 1.0, "F": 0.9929449612104438, "pvalue": 0.32094872324671686}, "Age": {"sum_sq": 1.1317013785815488, "df": 1.0, "F": 1.0223345061630735, "pvalue": 0.3139190917861368}, "BMI": {"sum_sq": 2.6588500356236153, "df": 1.0, "F": 1.9551743595030235, "pvalue": 0.16584723562787188}}, "Factor19": {"Sample_ID": {}, "WHO_3G": {"sum_sq": 0.22445678344268286, "df": 2.0, "F": 0.12261224612635632, "pvalue": 0.8847137207261184, "tukey_hsd": {"groups": ["mild", "moderate", "severe"], "pvalues": [[1.0, 0.947554755812957, 0.8789606414496979], [0.947554755812957, 1.0, 0.9702623945851017], [0.8789606414496979, 0.9702623945851017, 1.0]]}}, "WHO_2G": {"sum_sq": 0.17431961493916542, "df": 1.0, "F": 0.19189952102049304, "pvalue": 0.6620964136793561}, "Sex": {"sum_sq": 2.156844480266587, "df": 1.0, "F": 2.416551653325435, "pvalue": 0.12258722921070493}, "Age": {"sum_sq": 3.776351566526139, "df": 1.0, "F": 4.293388005707401, "pvalue": 0.040316917589202174}, "BMI": {"sum_sq": 5.76597801251297, "df": 1.0, "F": 6.684579754567998, "pvalue": 0.011516753702960918}}, "Factor20": {"Sample_ID": {}, "WHO_3G": {"sum_sq": 2.474763136579347, "df": 2.0, "F": 1.4159714604769102, "pvalue": 0.2465860280802853, "tukey_hsd": {"groups": ["mild", "moderate", "severe"], "pvalues": [[1.0, 0.22088241008832143, 0.6134161883554933], [0.22088241008832143, 1.0, 0.8944032947999553], [0.6134161883554933, 0.8944032947999553, 1.0]]}}, "WHO_2G": {"sum_sq": 2.2976397624442098, "df": 1.0, "F": 2.6461338964859653, "pvalue": 0.1063204067004307}, "Sex": {"sum_sq": 0.0054020065144832815, "df": 1.0, "F": 0.006092681789822794, "pvalue": 0.9379086092682833}, "Age": {"sum_sq": 0.11392959854322882, "df": 1.0, "F": 0.1286220541390243, "pvalue": 0.7204700479024579}, "BMI": {"sum_sq": 0.7136224841251523, "df": 1.0, "F": 1.3237495377552606, "pvalue": 0.25330555258227777}}, "Factor21": {"Sample_ID": {}, "WHO_3G": {"sum_sq": 1.6601513159120802, "df": 2.0, "F": 1.0366218427381928, "pvalue": 0.3577033612156076, "tukey_hsd": {"groups": ["mild", "moderate", "severe"], "pvalues": [[1.0, 0.9939053268153415, 0.3828342677829554], [0.9939053268153415, 1.0, 0.4063868768853306], [0.3828342677829554, 0.4063868768853306, 1.0]]}}, "WHO_2G": {"sum_sq": 0.3382729094040211, "df": 1.0, "F": 0.42025670836881873, "pvalue": 0.5179980565417889}, "Sex": {"sum_sq": 1.848210074310534, "df": 1.0, "F": 2.331125535758382, "pvalue": 0.12933655444197528}, "Age": {"sum_sq": 1.1622942982431357, "df": 1.0, "F": 1.455911560301037, "pvalue": 0.22986034795944002}, "BMI": {"sum_sq": 2.372195625812252, "df": 1.0, "F": 2.3634080688430856, "pvalue": 0.1281079197946808}}, "Factor22": {"Sample_ID": {}, "WHO_3G": {"sum_sq": 1.0378306661541161, "df": 2.0, "F": 0.6494532705726619, "pvalue": 0.5240986699285111, "tukey_hsd": {"groups": ["mild", "moderate", "severe"], "pvalues": [[1.0, 0.5422931495443752, 0.9943541087487726], [0.5422931495443752, 1.0, 0.7040255961298991], [0.9943541087487726, 0.7040255961298991, 1.0]]}}, "WHO_2G": {"sum_sq": 0.5271029268729681, "df": 1.0, "F": 0.6616101688646218, "pvalue": 0.41753871023386}, "Sex": {"sum_sq": 0.18811556360276935, "df": 1.0, "F": 0.235318285534834, "pvalue": 0.6284572057814884}, "Age": {"sum_sq": 1.0110049755605635, "df": 1.0, "F": 1.2751916280574587, "pvalue": 0.2609574318175359}, "BMI": {"sum_sq": 0.0008654135361819869, "df": 1.0, "F": 0.015310173124546623, "pvalue": 0.9018321940259877}}, "Factor23": {"Sample_ID": {}, "WHO_3G": {"sum_sq": 1.6320798674297319, "df": 2.0, "F": 0.7114795394709973, "pvalue": 0.4929102251833304, "tukey_hsd": {"groups": ["mild", "moderate", "severe"], "pvalues": [[1.0, 0.9262017283290837, 0.6789206653149948], [0.9262017283290837, 1.0, 0.461747378022898], [0.6789206653149948, 0.461747378022898, 1.0]]}}, "WHO_2G": {"sum_sq": 0.009669864929704163, "df": 1.0, "F": 0.008402984750724799, "pvalue": 0.9271087271970985}, "Sex": {"sum_sq": 0.0486270499742012, "df": 1.0, "F": 0.042267710593705356, "pvalue": 0.837444754677656}, "Age": {"sum_sq": 3.214057715411841, "df": 1.0, "F": 2.856609091440002, "pvalue": 0.09349152418802496}, "BMI": {"sum_sq": 4.026862041572302, "df": 1.0, "F": 3.117776719090794, "pvalue": 0.08121071298229014}}, "Factor24": {"Sample_ID": {}, "WHO_3G": {"sum_sq": 1.777018445903992, "df": 2.0, "F": 1.0878554266967289, "pvalue": 0.34013188844394276, "tukey_hsd": {"groups": ["mild", "moderate", "severe"], "pvalues": [[1.0, 0.4260989770571819, 0.4175669314522725], [0.4260989770571819, 1.0, 0.9684616066341895], [0.4175669314522725, 0.9684616066341895, 1.0]]}}, "WHO_2G": {"sum_sq": 1.7295258193001701, "df": 1.0, "F": 2.1336393448018804, "pvalue": 0.1466072905411754}, "Sex": {"sum_sq": 0.8297202368959333, "df": 1.0, "F": 1.014579208880687, "pvalue": 0.31575414697628346}, "Age": {"sum_sq": 1.2701472220141616, "df": 1.0, "F": 1.5598523963682465, "pvalue": 0.21402070646906132}, "BMI": {"sum_sq": 0.0965110431472971, "df": 1.0, "F": 0.25943369402157895, "pvalue": 0.6118943313249507}}, "Factor25": {"Sample_ID": {}, "WHO_3G": {"sum_sq": 0.5303149348665512, "df": 2.0, "F": 0.23855971583406127, "pvalue": 0.7881223519689255, "tukey_hsd": {"groups": ["mild", "moderate", "severe"], "pvalues": [[1.0, 0.8222778621342799, 0.9991398050099939], [0.8222778621342799, 1.0, 0.846091283346172], [0.9991398050099939, 0.846091283346172, 1.0]]}}, "WHO_2G": {"sum_sq": 0.1927072962415444, "df": 1.0, "F": 0.17434809773466212, "pvalue": 0.676992402748862}, "Sex": {"sum_sq": 2.60282437120015, "df": 1.0, "F": 2.39666110171366, "pvalue": 0.12412265226848083}, "Age": {"sum_sq": 0.17262652883418503, "df": 1.0, "F": 0.1561577261869625, "pvalue": 0.693392465899386}, "BMI": {"sum_sq": 0.512328441672813, "df": 1.0, "F": 0.32489080456703584, "pvalue": 0.570260776663391}}, "Factor26": {"Sample_ID": {}, "WHO_3G": {"sum_sq": 2.4254367394979113, "df": 2.0, "F": 1.463865495512396, "pvalue": 0.23531003950371832, "tukey_hsd": {"groups": ["mild", "moderate", "severe"], "pvalues": [[1.0, 0.2588702129726993, 0.39471574765474826], [0.2588702129726993, 1.0, 0.9999962510953027], [0.39471574765474826, 0.9999962510953027, 1.0]]}}, "WHO_2G": {"sum_sq": 2.425431106322681, "df": 1.0, "F": 2.9513347083704753, "pvalue": 0.0882827973637485}, "Sex": {"sum_sq": 0.7555583390660934, "df": 1.0, "F": 0.9046791377092526, "pvalue": 0.34336563428290634}, "Age": {"sum_sq": 0.39831591251896875, "df": 1.0, "F": 0.4753030613351576, "pvalue": 0.4918354005061757}, "BMI": {"sum_sq": 0.07343437010623804, "df": 1.0, "F": 0.42903621745902737, "pvalue": 0.5143180977095132}}, "Factor27": {"Sample_ID": {}, "WHO_3G": {"sum_sq": 0.29302719264194, "df": 2.0, "F": 0.14618867238671715, "pvalue": 0.8641433625894642, "tukey_hsd": {"groups": ["mild", "moderate", "severe"], "pvalues": [[1.0, 0.8893161279823301, 0.9990607909159446], [0.8893161279823301, 1.0, 0.8999223250072406], [0.9990607909159446, 0.8999223250072406, 1.0]]}}, "WHO_2G": {"sum_sq": 0.1011010129298665, "df": 1.0, "F": 0.1015335190679967, "pvalue": 0.7505288575057968}, "Sex": {"sum_sq": 0.06093750644097546, "df": 1.0, "F": 0.061178453463352246, "pvalue": 0.8050487512612177}, "Age": {"sum_sq": 0.0006470633989653396, "df": 1.0, "F": 0.000649307474357295, "pvalue": 0.9797115293709371}, "BMI": {"sum_sq": 4.549825158948383, "df": 1.0, "F": 6.013032887237474, "pvalue": 0.01635006971912131}}, "Factor28": {"Sample_ID": {}, "WHO_3G": {"sum_sq": 5.2719857684270695, "df": 2.0, "F": 2.4362222259561683, "pvalue": 0.09166855172115172, "tukey_hsd": {"groups": ["mild", "moderate", "severe"], "pvalues": [[1.0, 0.3685835968280796, 0.6168285954150066], [0.3685835968280796, 1.0, 0.08788542958552559], [0.6168285954150066, 0.08788542958552559, 1.0]]}}, "WHO_2G": {"sum_sq": 0.3614558769456446, "df": 1.0, "F": 0.32486665949507987, "pvalue": 0.5697205274300325}, "Sex": {"sum_sq": 0.36570371910622457, "df": 1.0, "F": 0.3286945431240738, "pvalue": 0.5674587984276762}, "Age": {"sum_sq": 0.09276972030974402, "df": 1.0, "F": 0.08321811889738288, "pvalue": 0.773460587773533}, "BMI": {"sum_sq": 2.3455584894708656, "df": 1.0, "F": 1.5324790496801122, "pvalue": 0.2193169652705706}}, "Factor29": {"Sample_ID": {}, "WHO_3G": {"sum_sq": 2.6501215696921747, "df": 2.0, "F": 1.472795418622479, "pvalue": 0.23326627937676125, "tukey_hsd": {"groups": ["mild", "moderate", "severe"], "pvalues": [[1.0, 0.2721075851431183, 0.9989540977322433], [0.2721075851431183, 1.0, 0.4094903700171273], [0.9989540977322433, 0.4094903700171273, 1.0]]}}, "WHO_2G": {"sum_sq": 1.1775931242467643, "df": 1.0, "F": 1.302252982890794, "pvalue": 0.25598362674735364}, "Sex": {"sum_sq": 0.13635735512343447, "df": 1.0, "F": 0.14941575627073037, "pvalue": 0.6997515211774961}, "Age": {"sum_sq": 0.9459855620587216, "df": 1.0, "F": 1.04398833721404, "pvalue": 0.3088690976515445}, "BMI": {"sum_sq": 0.6030027587764302, "df": 1.0, "F": 0.5742995951143378, "pvalue": 0.4507545723145404}}, "Factor30": {"Sample_ID": {}, "WHO_3G": {"sum_sq": 8.468478139649333, "df": 2.0, "F": 2.997195253672032, "pvalue": 0.05355728198701489, "tukey_hsd": {"groups": ["mild", "moderate", "severe"], "pvalues": [[1.0, 0.883822636840519, 0.13594171989878512], [0.883822636840519, 1.0, 0.046778830006185435], [0.13594171989878512, 0.046778830006185435, 1.0]]}}, "WHO_2G": {"sum_sq": 0.3357377707926485, "df": 1.0, "F": 0.2289390903026597, "pvalue": 0.633147421017462}, "Sex": {"sum_sq": 19.105167636228494, "df": 1.0, "F": 14.513872189302262, "pvalue": 0.00021709998819739664}, "Age": {"sum_sq": 0.023493332691171768, "df": 1.0, "F": 0.015992827464930807, "pvalue": 0.8995688245829696}, "BMI": {"sum_sq": 0.16305234382605585, "df": 1.0, "F": 0.08278906923636083, "pvalue": 0.7742876296429277}}, "Factor31": {"Sample_ID": {}, "WHO_3G": {"sum_sq": 0.24097528434298388, "df": 2.0, "F": 0.1195267233025806, "pvalue": 0.8874424042594291, "tukey_hsd": {"groups": ["mild", "moderate", "severe"], "pvalues": [[1.0, 0.8847400592782537, 0.9421061393938402], [0.8847400592782537, 1.0, 0.9978413422364008], [0.9421061393938402, 0.9978413422364008, 1.0]]}}, "WHO_2G": {"sum_sq": 0.2370240669588198, "df": 1.0, "F": 0.23702248860301608, "pvalue": 0.627217536911689}, "Sex": {"sum_sq": 4.302632092403232, "df": 1.0, "F": 4.447248635697549, "pvalue": 0.03695313217201495}, "Age": {"sum_sq": 0.3860847279048046, "df": 1.0, "F": 0.38654310083746146, "pvalue": 0.5352544004929501}, "BMI": {"sum_sq": 0.7805846494311232, "df": 1.0, "F": 1.1094210340009865, "pvalue": 0.29533975672715235}}, "Factor32": {"Sample_ID": {}, "WHO_3G": {"sum_sq": 0.7055090368930017, "df": 2.0, "F": 0.4166196690450734, "pvalue": 0.6601909718600749, "tukey_hsd": {"groups": ["mild", "moderate", "severe"], "pvalues": [[1.0, 0.9756200368490807, 0.7668539884970491], [0.9756200368490807, 1.0, 0.6407029632314527], [0.7668539884970491, 0.6407029632314527, 1.0]]}}, "WHO_2G": {"sum_sq": 0.01816927644583144, "df": 1.0, "F": 0.02149112999452004, "pvalue": 0.8836850799875583}, "Sex": {"sum_sq": 3.0470379508984755, "df": 1.0, "F": 3.710467879312623, "pvalue": 0.05634250474877206}, "Age": {"sum_sq": 0.9642370853439207, "df": 1.0, "F": 1.15082923078634, "pvalue": 0.2854423172149945}, "BMI": {"sum_sq": 0.09887917963054853, "df": 1.0, "F": 0.10579592651872255, "pvalue": 0.7458208129202489}}, "Factor33": {"Sample_ID": {}, "WHO_3G": {"sum_sq": 1.417559583845355, "df": 2.0, "F": 0.8497191939303186, "pvalue": 0.43000902142383557, "tukey_hsd": {"groups": ["mild", "moderate", "severe"], "pvalues": [[1.0, 0.40824229484062324, 0.7068789959852988], [0.40824229484062324, 1.0, 0.9598192305679543], [0.7068789959852988, 0.9598192305679543, 1.0]]}}, "WHO_2G": {"sum_sq": 1.3554825186729547, "df": 1.0, "F": 1.6371398446998577, "pvalue": 0.20308820303411917}, "Sex": {"sum_sq": 0.0015530034018657246, "df": 1.0, "F": 0.0018514825235012658, "pvalue": 0.9657471887953765}, "Age": {"sum_sq": 0.00047746116101924995, "df": 1.0, "F": 0.0005692208568782107, "pvalue": 0.9810036416052675}, "BMI": {"sum_sq": 1.4137022320405197, "df": 1.0, "F": 1.2684165115160821, "pvalue": 0.2633896686002286}}, "Factor34": {"Sample_ID": {}, "WHO_3G": {"sum_sq": 1.5035359320145534, "df": 2.0, "F": 0.7631224266770993, "pvalue": 0.46838522404011296, "tukey_hsd": {"groups": ["mild", "moderate", "severe"], "pvalues": [[1.0, 0.9043004246954542, 0.6798171579775409], [0.9043004246954542, 1.0, 0.4352972906647795], [0.6798171579775409, 0.4352972906647795, 1.0]]}}, "WHO_2G": {"sum_sq": 0.0026339490171911856, "df": 1.0, "F": 0.0026625789373114226, "pvalue": 0.9589296410859705}, "Sex": {"sum_sq": 1.2037190384905143, "df": 1.0, "F": 1.2287378409688898, "pvalue": 0.26978088035518316}, "Age": {"sum_sq": 0.13355084986634333, "df": 1.0, "F": 0.13514557276783826, "pvalue": 0.7137771854020543}, "BMI": {"sum_sq": 0.5273828612962542, "df": 1.0, "F": 0.5426797422623871, "pvalue": 0.46345259373812364}}, "Factor35": {"Sample_ID": {}, "WHO_3G": {"sum_sq": 3.0032874232533855, "df": 2.0, "F": 1.797101680382537, "pvalue": 0.17006929350504635, "tukey_hsd": {"groups": ["mild", "moderate", "severe"], "pvalues": [[1.0, 0.691095515900144, 0.4852876449698579], [0.691095515900144, 1.0, 0.14490619167647334], [0.4852876449698579, 0.14490619167647334, 1.0]]}}, "WHO_2G": {"sum_sq": 0.008244173514294486, "df": 1.0, "F": 0.009666416946204279, "pvalue": 0.9218373199659853}, "Sex": {"sum_sq": 0.2670912662612958, "df": 1.0, "F": 0.3139307399100522, "pvalue": 0.5762808903350027}, "Age": {"sum_sq": 0.03281864650897334, "df": 1.0, "F": 0.038489226876427016, "pvalue": 0.8447826170126145}, "BMI": {"sum_sq": 1.3141815598315294, "df": 1.0, "F": 1.6773931293997537, "pvalue": 0.19895051261610341}}, "Factor36": {"Sample_ID": {}, "WHO_3G": {"sum_sq": 2.7738358133419494, "df": 2.0, "F": 1.3419810964115126, "pvalue": 0.2650958472314296, "tukey_hsd": {"groups": ["mild", "moderate", "severe"], "pvalues": [[1.0, 0.7536935728628914, 0.5868027397466661], [0.7536935728628914, 1.0, 0.23464530365527014], [0.5868027397466661, 0.23464530365527014, 1.0]]}}, "WHO_2G": {"sum_sq": 0.009355475977069278, "df": 1.0, "F": 0.008932662796913928, "pvalue": 0.9248531783791362}, "Sex": {"sum_sq": 0.002705319326310245, "df": 1.0, "F": 0.0025829234000922484, "pvalue": 0.9595481092953044}, "Age": {"sum_sq": 3.8083807558768887, "df": 1.0, "F": 3.7449370868469005, "pvalue": 0.05522627123375525}, "BMI": {"sum_sq": 1.6642690506870104, "df": 1.0, "F": 1.5427256694807292, "pvalue": 0.2177968029791326}}, "Factor37": {"Sample_ID": {}, "WHO_3G": {"sum_sq": 0.18160073522689613, "df": 2.0, "F": 0.08740977994357527, "pvalue": 0.9163579448929342, "tukey_hsd": {"groups": ["mild", "moderate", "severe"], "pvalues": [[1.0, 0.9899410327755709, 0.9544333453186961], [0.9899410327755709, 1.0, 0.9085885878407031], [0.9544333453186961, 0.9085885878407031, 1.0]]}}, "WHO_2G": {"sum_sq": 0.0007730682323309368, "df": 1.0, "F": 0.0007491509343308464, "pvalue": 0.9782077793165956}, "Sex": {"sum_sq": 1.5731676687067073, "df": 1.0, "F": 1.543309693218726, "pvalue": 0.21645144745857653}, "Age": {"sum_sq": 1.3031405649235464, "df": 1.0, "F": 1.2757040819680991, "pvalue": 0.26086212938902226}, "BMI": {"sum_sq": 3.6978763329188142, "df": 1.0, "F": 3.5189671923841725, "pvalue": 0.06427265199909304}}, "Factor38": {"Sample_ID": {}, "WHO_3G": {"sum_sq": 9.019158408563788e-16, "df": 2.0, "F": 0.2582442433072454, "pvalue": 0.7728209333397442, "tukey_hsd": {"groups": ["mild", "moderate", "severe"], "pvalues": [[1.0, 0.9612086339002297, 0.8843776966262403], [0.9612086339002297, 1.0, 0.7529594436238083], [0.8843776966262403, 0.7529594436238083, 1.0]]}}, "WHO_2G": {"sum_sq": 1.5405273439685928e-19, "df": 1.0, "F": 8.856201669564805e-05, "pvalue": 0.992506429992587}, "Sex": {"sum_sq": 1.6489891279056115e-15, "df": 1.0, "F": 0.9552162802433601, "pvalue": 0.330282795706086}, "Age": {"sum_sq": 2.491601056068304e-15, "df": 1.0, "F": 1.4489773378041018, "pvalue": 0.2309667315013866}, "BMI": {"sum_sq": 1.269767521672828e-16, "df": 1.0, "F": 0.07016236813620384, "pvalue": 0.7917734095710625}}, "Factor39": {"Sample_ID": {}, "WHO_3G": {"sum_sq": 5.01190093055538e-29, "df": 2.0, "F": 0.28519243026841057, "pvalue": 0.7523613817511896, "tukey_hsd": {"groups": ["mild", "moderate", "severe"], "pvalues": [[1.0, 0.9988916793980438, 0.7685761979393966], [0.9988916793980438, 1.0, 0.7764034592629311], [0.7685761979393966, 0.7764034592629311, 1.0]]}}, "WHO_2G": {"sum_sq": 9.661541099295448e-30, "df": 1.0, "F": 0.1104309049980608, "pvalue": 0.7402106966869222}, "Sex": {"sum_sq": 5.0038553681854205e-29, "df": 1.0, "F": 0.5740574813605536, "pvalue": 0.45007704155669814}, "Age": {"sum_sq": 1.1663644757298994e-29, "df": 1.0, "F": 0.13333925479225398, "pvalue": 0.7156117191341866}, "BMI": {"sum_sq": 1.1115734459289374e-28, "df": 1.0, "F": 1.3485465811201829, "pvalue": 0.2489431338429284}}, "Factor40": {"Sample_ID": {}, "WHO_3G": {"sum_sq": 8.95511964101541e-28, "df": 2.0, "F": 0.3138864710055612, "pvalue": 0.7311807480693451, "tukey_hsd": {"groups": ["mild", "moderate", "severe"], "pvalues": [[1.0, 0.992247669924801, 0.7330622241039519], [0.992247669924801, 1.0, 0.7771454667500125], [0.7330622241039519, 0.7771454667500125, 1.0]]}}, "WHO_2G": {"sum_sq": 2.4119864930734192e-28, "df": 1.0, "F": 0.16982079438988934, "pvalue": 0.6809769606835616}, "Sex": {"sum_sq": 1.169871690723107e-27, "df": 1.0, "F": 0.8280029840172864, "pvalue": 0.3646018862134255}, "Age": {"sum_sq": 3.728695681322967e-28, "df": 1.0, "F": 0.2627212174872659, "pvalue": 0.6091613167830998}, "BMI": {"sum_sq": 2.0891037781985976e-27, "df": 1.0, "F": 1.5265060501829524, "pvalue": 0.22020903472439318}}, "Factor41": {"Sample_ID": {}, "WHO_3G": {"sum_sq": 1.9219558929471914e-26, "df": 2.0, "F": 0.3602194256655471, "pvalue": 0.698250732217734, "tukey_hsd": {"groups": ["mild", "moderate", "severe"], "pvalues": [[1.0, 0.9999967599872057, 0.7311153074376995], [0.9999967599872057, 1.0, 0.7133483600437203], [0.7311153074376995, 0.7133483600437203, 1.0]]}}, "WHO_2G": {"sum_sq": 2.8088833462244024e-27, "df": 1.0, "F": 0.10561523851905769, "pvalue": 0.7457357224952261}, "Sex": {"sum_sq": 2.017611158853712e-26, "df": 1.0, "F": 0.7626145849805198, "pvalue": 0.3841860623904745}, "Age": {"sum_sq": 8.174556246584292e-27, "df": 1.0, "F": 0.3078637752329634, "pvalue": 0.5799855203823225}, "BMI": {"sum_sq": 3.796462813686206e-26, "df": 1.0, "F": 1.4677393677424453, "pvalue": 0.22922525549237321}}, "Factor42": {"Sample_ID": {}, "WHO_3G": {"sum_sq": 4.947206147413023e-28, "df": 2.0, "F": 0.16870371817745156, "pvalue": 0.8449527165436037, "tukey_hsd": {"groups": ["mild", "moderate", "severe"], "pvalues": [[1.0, 0.8846906040074967, 0.995768735968427], [0.8846906040074967, 1.0, 0.8741196711763006], [0.995768735968427, 0.8741196711763006, 1.0]]}}, "WHO_2G": {"sum_sq": 1.3634568157445885e-28, "df": 1.0, "F": 0.09355546431953747, "pvalue": 0.7602136778728046}, "Sex": {"sum_sq": 3.391394249942421e-28, "df": 1.0, "F": 0.23296451557906642, "pvalue": 0.6301785433311149}, "Age": {"sum_sq": 4.8415492054819505e-28, "df": 1.0, "F": 0.3328450350486791, "pvalue": 0.5650261681856167}, "BMI": {"sum_sq": 4.676945141055643e-28, "df": 1.0, "F": 0.304503113543464, "pvalue": 0.58259231523756}}, "Factor43": {"Sample_ID": {}, "WHO_3G": {"sum_sq": 2.0162521068554725e-22, "df": 2.0, "F": 0.024437430556712977, "pvalue": 0.9758634444907145, "tukey_hsd": {"groups": ["mild", "moderate", "severe"], "pvalues": [[1.0, 0.9811402446543196, 0.9997269890695233], [0.9811402446543196, 1.0, 0.9819005483025662], [0.9997269890695233, 0.9819005483025662, 1.0]]}}, "WHO_2G": {"sum_sq": 6.492504860120567e-23, "df": 1.0, "F": 0.015860806673110583, "pvalue": 0.8999819998875528}, "Sex": {"sum_sq": 1.2001243637763955e-24, "df": 1.0, "F": 0.0002931467991557212, "pvalue": 0.986366961158113}, "Age": {"sum_sq": 3.7837848410309364e-25, "df": 1.0, "F": 9.242397431336972e-05, "pvalue": 0.9923447908926799}, "BMI": {"sum_sq": 1.3758025306218198e-22, "df": 1.0, "F": 0.0316836298356288, "pvalue": 0.8591682014987043}}, "Factor44": {"Sample_ID": {}, "WHO_3G": {"sum_sq": 2.327102056390861e-27, "df": 2.0, "F": 0.16624868904324366, "pvalue": 0.8470240464934322, "tukey_hsd": {"groups": ["mild", "moderate", "severe"], "pvalues": [[1.0, 0.9880986465783536, 0.8396577183746284], [0.9880986465783536, 1.0, 0.8910240428694388], [0.8396577183746284, 0.8910240428694388, 1.0]]}}, "WHO_2G": {"sum_sq": 8.603377572165384e-28, "df": 1.0, "F": 0.12370769815411095, "pvalue": 0.7256396809702619}, "Sex": {"sum_sq": 4.184958353421054e-27, "df": 1.0, "F": 0.6040640221039334, "pvalue": 0.4385000084599079}, "Age": {"sum_sq": 1.5220403329466261e-27, "df": 1.0, "F": 0.21902041677344353, "pvalue": 0.6406022892215237}, "BMI": {"sum_sq": 7.502797948122089e-27, "df": 1.0, "F": 1.1353539678326094, "pvalue": 0.28980208479304226}}, "Factor45": {"Sample_ID": {}, "WHO_3G": {"sum_sq": 2.0305153061841403e-27, "df": 2.0, "F": 0.13209845203021064, "pvalue": 0.8763778672141129, "tukey_hsd": {"groups": ["mild", "moderate", "severe"], "pvalues": [[1.0, 0.9857041631196851, 0.8675362160593049], [0.9857041631196851, 1.0, 0.9203802991580212], [0.8675362160593049, 0.9203802991580212, 1.0]]}}, "WHO_2G": {"sum_sq": 8.727759832578768e-28, "df": 1.0, "F": 0.11433660791133052, "pvalue": 0.7358272208239403}, "Sex": {"sum_sq": 3.657410568710718e-27, "df": 1.0, "F": 0.48053554551709304, "pvalue": 0.48946585649341257}, "Age": {"sum_sq": 1.2669662351350366e-27, "df": 1.0, "F": 0.16604546217488772, "pvalue": 0.6843475271376949}, "BMI": {"sum_sq": 6.945632765426692e-27, "df": 1.0, "F": 0.9549317181975118, "pvalue": 0.33137670171169364}}, "Factor46": {"Sample_ID": {}, "WHO_3G": {"sum_sq": 1.4971850769582513e-27, "df": 2.0, "F": 0.18110598454033466, "pvalue": 0.8345672204080192, "tukey_hsd": {"groups": ["mild", "moderate", "severe"], "pvalues": [[1.0, 0.9846289273305094, 0.8251444335969413], [0.9846289273305094, 1.0, 0.8859695455722636], [0.8251444335969413, 0.8859695455722636, 1.0]]}}, "WHO_2G": {"sum_sq": 5.881587611323861e-28, "df": 1.0, "F": 0.1431860299026461, "pvalue": 0.7057758673307185}, "Sex": {"sum_sq": 3.2234026788286143e-27, "df": 1.0, "F": 0.7887789888475117, "pvalue": 0.376175377664107}, "Age": {"sum_sq": 1.4644911931790741e-27, "df": 1.0, "F": 0.35713687839874725, "pvalue": 0.5511817537018384}, "BMI": {"sum_sq": 5.17390161365596e-27, "df": 1.0, "F": 1.3056796117291412, "pvalue": 0.25654466378080903}}, "Factor47": {"Sample_ID": {}, "WHO_3G": {"sum_sq": 2.0704653458672338e-27, "df": 2.0, "F": 0.17708335997800342, "pvalue": 0.8379214238178342, "tukey_hsd": {"groups": ["mild", "moderate", "severe"], "pvalues": [[1.0, 0.9891648893197719, 0.8315610103630224], [0.9891648893197719, 1.0, 0.8810634859345845], [0.8315610103630224, 0.8810634859345845, 1.0]]}}, "WHO_2G": {"sum_sq": 7.257572129767178e-28, "df": 1.0, "F": 0.12491500162154427, "pvalue": 0.7243590982420641}, "Sex": {"sum_sq": 3.6520438875979935e-27, "df": 1.0, "F": 0.6311210488005522, "pvalue": 0.42845009773864096}, "Age": {"sum_sq": 1.3953383509971718e-27, "df": 1.0, "F": 0.24038278309558622, "pvalue": 0.624789278355448}, "BMI": {"sum_sq": 6.559148859997757e-27, "df": 1.0, "F": 1.189319467354004, "pvalue": 0.278700449839028}}, "Factor48": {"Sample_ID": {}, "WHO_3G": {"sum_sq": 1.9550350498426653e-28, "df": 2.0, "F": 0.1793000599437651, "pvalue": 0.8360713718466839, "tukey_hsd": {"groups": ["mild", "moderate", "severe"], "pvalues": [[1.0, 0.9935288891441185, 0.834239090245623], [0.9935288891441185, 1.0, 0.8705949569758897], [0.834239090245623, 0.8705949569758897, 1.0]]}}, "WHO_2G": {"sum_sq": 5.824221629008364e-29, "df": 1.0, "F": 0.10747345346788094, "pvalue": 0.7435875670363001}, "Sex": {"sum_sq": 2.4050432759389742e-28, "df": 1.0, "F": 0.44499619348429237, "pvalue": 0.5059503604072357}, "Age": {"sum_sq": 5.815314189356435e-29, "df": 1.0, "F": 0.10730894476814014, "pvalue": 0.7437769103074342}, "BMI": {"sum_sq": 5.800868676407728e-28, "df": 1.0, "F": 1.1629867064560082, "pvalue": 0.2840480284381599}}, "Factor49": {"Sample_ID": {}, "WHO_3G": {"sum_sq": 6.284254927405534e-26, "df": 2.0, "F": 0.1347890553619083, "pvalue": 0.8740281020053438, "tukey_hsd": {"groups": ["mild", "moderate", "severe"], "pvalues": [[1.0, 0.9815150890102159, 0.8636358748518309], [0.9815150890102159, 1.0, 0.9245888779676393], [0.8636358748518309, 0.9245888779676393, 1.0]]}}, "WHO_2G": {"sum_sq": 2.9659579690933394e-26, "df": 1.0, "F": 0.1281108424504532, "pvalue": 0.7210025652198118}, "Sex": {"sum_sq": 1.1955803312102278e-25, "df": 1.0, "F": 0.5180251754787332, "pvalue": 0.4730288762836251}, "Age": {"sum_sq": 4.164086208951065e-26, "df": 1.0, "F": 0.17993698855001033, "pvalue": 0.6721565324825468}, "BMI": {"sum_sq": 2.3465891448579864e-25, "df": 1.0, "F": 1.062392434800606, "pvalue": 0.305738066312904}}}