{"Factor1": {"Seqn": {}, "ID": {"sum_sq": 5.159338187240427, "df": 1.0, "F": 1.0476862140502472, "pvalue": 0.3212681111336719}, "Group": {"sum_sq": 7.171806566318158, "df": 2.0, "F": 0.7005574097863909, "pvalue": 0.5118399442732219, "tukey_hsd": {"groups": ["A12", "B1-8", "PBS"], "pvalues": [[1.0, 0.580127664286792, 0.5661717111599134], [0.580127664286792, 1.0, 0.9997004855640739], [0.5661717111599134, 0.9997004855640739, 1.0]]}}, "Ig": {"sum_sq": 1.916628821591488, "df": 1.0, "F": 0.37381760705719963, "pvalue": 0.5495197809577146}, "Control": {"sum_sq": 7.169025341279015, "df": 1.0, "F": 1.493888784884835, "pvalue": 0.2393150492241484}, "TMT": {"sum_sq": 0.08221268436939547, "df": 1.0, "F": 0.014094746509223982, "pvalue": 0.9071828268281802}, "Tag": {"sum_sq": 58.747045434626344, "df": 8.0, "F": 2.235407640875189, "pvalue": 0.15281897173753484, "tukey_hsd": {}}, "ID_metabo": {}, "Quant": {"sum_sq": 0.3115159692728861, "df": 1.0, "F": 0.05959181425627644, "pvalue": 0.810244976883445}}, "Factor2": {"Seqn": {}, "ID": {"sum_sq": 0.10054673398340824, "df": 1.0, "F": 0.9904504007400807, "pvalue": 0.3344460941400328}, "Group": {"sum_sq": 0.1652464507132123, "df": 2.0, "F": 0.7946787154344913, "pvalue": 0.4698537629975487, "tukey_hsd": {"groups": ["A12", "B1-8", "PBS"], "pvalues": [[1.0, 0.9076579627184302, 0.44927014683527056], [0.9076579627184302, 1.0, 0.697424121365497], [0.44927014683527056, 0.697424121365497, 1.0]]}}, "Ig": {"sum_sq": 0.14684899622580283, "df": 1.0, "F": 1.4890042513579829, "pvalue": 0.2400515096962205}, "Control": {"sum_sq": 0.09552406886595866, "df": 1.0, "F": 0.9380731127951425, "pvalue": 0.34718777087719005}, "TMT": {"sum_sq": 0.031000579320971094, "df": 1.0, "F": 0.25648979814265715, "pvalue": 0.6204237698957653}, "Tag": {"sum_sq": 1.557612542121247, "df": 8.0, "F": 8.235372619886029, "pvalue": 0.00583819431021932, "tukey_hsd": {}}, "ID_metabo": {}, "Quant": {"sum_sq": 0.06546007901192287, "df": 1.0, "F": 0.6311894149344324, "pvalue": 0.4385454215947916}}, "Factor3": {"Seqn": {}, "ID": {"sum_sq": 1.4124580620005567, "df": 1.0, "F": 0.2596302114944387, "pvalue": 0.6173299494666548}, "Group": {"sum_sq": 32.36877635741486, "df": 2.0, "F": 4.328304075372355, "pvalue": 0.03281261712510855, "tukey_hsd": {"groups": ["A12", "B1-8", "PBS"], "pvalues": [[1.0, 0.025757505399358283, 0.31789330732934884], [0.025757505399358283, 1.0, 0.34650211033850276], [0.31789330732934884, 0.34650211033850276, 1.0]]}}, "Ig": {"sum_sq": 0.004797267419523561, "df": 1.0, "F": 0.0008677736644090693, "pvalue": 0.9768636359949482}, "Control": {"sum_sq": 24.615422548956577, "df": 1.0, "F": 6.169150159630813, "pvalue": 0.024458979425572885}, "TMT": {"sum_sq": 6.194156164315451, "df": 1.0, "F": 1.3554732028966492, "pvalue": 0.2637807271941372}, "Tag": {"sum_sq": 62.12501098931556, "df": 8.0, "F": 6.756525423239681, "pvalue": 0.010355733511553146, "tukey_hsd": {}}, "ID_metabo": {}, "Quant": {"sum_sq": 0.03586361212065996, "df": 1.0, "F": 0.006489617902595805, "pvalue": 0.9367923900855318}}, "Factor4": {"Seqn": {}, "ID": {"sum_sq": 0.41575372731303034, "df": 1.0, "F": 1.097200356320157, "pvalue": 0.31044781582071374}, "Group": {"sum_sq": 0.5205613282991599, "df": 2.0, "F": 0.6552941967689704, "pvalue": 0.5335341607836027, "tukey_hsd": {"groups": ["A12", "B1-8", "PBS"], "pvalues": [[1.0, 0.9385720553902456, 0.7224672732598629], [0.9385720553902456, 1.0, 0.518881496859748], [0.7224672732598629, 0.518881496859748, 1.0]]}}, "Ig": {"sum_sq": 0.4746827445156054, "df": 1.0, "F": 1.265013481694316, "pvalue": 0.27729482566619285}, "Control": {"sum_sq": 0.025277710645012778, "df": 1.0, "F": 0.06267297971807718, "pvalue": 0.8055061982588212}, "TMT": {"sum_sq": 1.0115597924748265, "df": 1.0, "F": 2.601659647692527, "pvalue": 0.1290585887356565}, "Tag": {"sum_sq": 2.0525865486516435, "df": 8.0, "F": 0.4079660986295229, "pvalue": 0.8837911424264426, "tukey_hsd": {}}, "ID_metabo": {}, "Quant": {"sum_sq": 0.16532435828804426, "df": 1.0, "F": 0.41899436963434894, "pvalue": 0.5266181850297545}}, "Factor5": {"Seqn": {}, "ID": {"sum_sq": 9.84747395687646e-05, "df": 1.0, "F": 0.000824661652204708, "pvalue": 0.9774455058876577}, "Group": {"sum_sq": 0.2985395033564615, "df": 2.0, "F": 1.388852399255239, "pvalue": 0.2796512500216954, "tukey_hsd": {"groups": ["A12", "B1-8", "PBS"], "pvalues": [[1.0, 0.7198654805215056, 0.6580002041706247], [0.7198654805215056, 1.0, 0.2502817578227765], [0.6580002041706247, 0.2502817578227765, 1.0]]}}, "Ig": {"sum_sq": 0.2329481755477533, "df": 1.0, "F": 2.2215332858653163, "pvalue": 0.15554760680000096}, "Control": {"sum_sq": 0.0003813215838075444, "df": 1.0, "F": 0.0031937921216154516, "pvalue": 0.9556323549597489}, "TMT": {"sum_sq": 0.4602926584653187, "df": 1.0, "F": 5.717027608886001, "pvalue": 0.03140356883322703}, "Tag": {"sum_sq": 0.669932821134738, "df": 8.0, "F": 0.6388754458942382, "pvalue": 0.7287876676435722, "tukey_hsd": {}}, "ID_metabo": {}, "Quant": {"sum_sq": 0.42405140360323196, "df": 1.0, "F": 4.563852201531209, "pvalue": 0.048450270725188226}}, "Factor6": {"Seqn": {}, "ID": {"sum_sq": 0.0010843697762888173, "df": 1.0, "F": 0.013577148406443949, "pvalue": 0.9086896535807997}, "Group": {"sum_sq": 0.2572743084532478, "df": 2.0, "F": 1.8886004077255252, "pvalue": 0.1855466257879579, "tukey_hsd": {"groups": ["A12", "B1-8", "PBS"], "pvalues": [[1.0, 0.3131003536410806, 0.9516662921034105], [0.3131003536410806, 1.0, 0.19901503286735234], [0.9516662921034105, 0.19901503286735234, 1.0]]}}, "Ig": {"sum_sq": 0.10140182174456608, "df": 1.0, "F": 1.3777902694292188, "pvalue": 0.257654834981975}, "Control": {"sum_sq": 0.03337729485245979, "df": 1.0, "F": 0.4287442498687924, "pvalue": 0.5219084120813069}, "TMT": {"sum_sq": 0.005295591255644121, "df": 1.0, "F": 0.07498048393038442, "pvalue": 0.7882171501788795}, "Tag": {"sum_sq": 0.47126315942354485, "df": 8.0, "F": 0.7887436739116885, "pvalue": 0.6295296145999496, "tukey_hsd": {}}, "ID_metabo": {}, "Quant": {"sum_sq": 0.003979226988648022, "df": 1.0, "F": 0.04993612358627309, "pvalue": 0.826002610370103}}, "Factor7": {"Seqn": {}, "ID": {"sum_sq": 0.0934431869616959, "df": 1.0, "F": 1.368261443465713, "pvalue": 0.25924122043639497}, "Group": {"sum_sq": 0.1899894563063119, "df": 2.0, "F": 1.4304314112502685, "pvalue": 0.27003258925526674, "tukey_hsd": {"groups": ["A12", "B1-8", "PBS"], "pvalues": [[1.0, 0.4246136847650813, 0.2780884698236099], [0.4246136847650813, 1.0, 0.9486499891910851], [0.2780884698236099, 0.9486499891910851, 1.0]]}}, "Ig": {"sum_sq": 0.08031052502450191, "df": 1.0, "F": 1.1619980880671699, "pvalue": 0.2970358071982328}, "Control": {"sum_sq": 0.1836158517128684, "df": 1.0, "F": 2.930465110167787, "pvalue": 0.10623344198394603}, "TMT": {"sum_sq": 0.0037826821699645666, "df": 1.0, "F": 0.0469599134756286, "pvalue": 0.8315663115081522}, "Tag": {"sum_sq": 0.8007045336564013, "df": 8.0, "F": 2.117968992855164, "pvalue": 0.1693734586035095, "tukey_hsd": {}}, "ID_metabo": {}, "Quant": {"sum_sq": 0.10073665880412755, "df": 1.0, "F": 1.4849694504954254, "pvalue": 0.24066208596398497}}, "Factor8": {"Seqn": {}, "ID": {"sum_sq": 0.48423220729407873, "df": 1.0, "F": 0.3239499759006302, "pvalue": 0.5771469539376062}, "Group": {"sum_sq": 1.4603049359581128, "df": 2.0, "F": 0.4774251766777791, "pvalue": 0.629490136332704, "tukey_hsd": {"groups": ["A12", "B1-8", "PBS"], "pvalues": [[1.0, 0.9928946574914851, 0.6501353310533747], [0.9928946574914851, 1.0, 0.71843705307441], [0.6501353310533747, 0.71843705307441, 1.0]]}}, "Ig": {"sum_sq": 1.4405147483044862, "df": 1.0, "F": 1.0038381493969446, "pvalue": 0.33129626985220206}, "Control": {"sum_sq": 0.5211939077760493, "df": 1.0, "F": 0.34921694781586343, "pvalue": 0.5628124505109258}, "TMT": {"sum_sq": 0.12284809147104483, "df": 1.0, "F": 0.0772700983632207, "pvalue": 0.7850946027438019}, "Tag": {"sum_sq": 16.286662232549137, "df": 8.0, "F": 2.3384530846042537, "pvalue": 0.1399118689168806, "tukey_hsd": {}}, "ID_metabo": {}, "Quant": {"sum_sq": 1.7553060526117386, "df": 1.0, "F": 1.2402075321784618, "pvalue": 0.28188197698176537}}, "Factor9": {"Seqn": {}, "ID": {"sum_sq": 0.35018239814834834, "df": 1.0, "F": 10.05852837145651, "pvalue": 0.005921603158517864}, "Group": {"sum_sq": 0.4178533904668404, "df": 2.0, "F": 6.404071436334281, "pvalue": 0.009758757973654657, "tukey_hsd": {"groups": ["A12", "B1-8", "PBS"], "pvalues": [[1.0, 0.29735422002579603, 0.007421080264517377], [0.29735422002579603, 1.0, 0.14164422175287794], [0.007421080264517377, 0.14164422175287794, 1.0]]}}, "Ig": {"sum_sq": 0.33958711134670927, "df": 1.0, "F": 9.572121582766245, "pvalue": 0.0069685673799906945}, "Control": {"sum_sq": 0.28478311803003825, "df": 1.0, "F": 7.320539316707757, "pvalue": 0.015590522147712671}, "TMT": {"sum_sq": 0.0543504245094172, "df": 1.0, "F": 0.9397270905696647, "pvalue": 0.34879837115905254}, "Tag": {"sum_sq": 0.7068860157758399, "df": 8.0, "F": 3.935292496138022, "pvalue": 0.043739546435846405, "tukey_hsd": {}}, "ID_metabo": {}, "Quant": {"sum_sq": 0.30174903076478055, "df": 1.0, "F": 7.974011015529472, "pvalue": 0.012224937195660961}}, "Factor10": {"Seqn": {}, "ID": {"sum_sq": 0.10075175697147289, "df": 1.0, "F": 3.2098144354207268, "pvalue": 0.0921295118591797}, "Group": {"sum_sq": 0.063348444520217, "df": 2.0, "F": 0.8804561727186297, "pvalue": 0.434962715672007, "tukey_hsd": {"groups": ["A12", "B1-8", "PBS"], "pvalues": [[1.0, 0.6055711111951694, 0.433368320247119], [0.6055711111951694, 1.0, 0.9524448081803779], [0.433368320247119, 0.9524448081803779, 1.0]]}}, "Ig": {"sum_sq": 0.029429739080983078, "df": 1.0, "F": 0.8209983966953964, "pvalue": 0.3783317372260946}, "Control": {"sum_sq": 0.06015818872733618, "df": 1.0, "F": 1.7732307733418482, "pvalue": 0.20164386625087474}, "TMT": {"sum_sq": 0.02606292360365001, "df": 1.0, "F": 0.6840799029208445, "pvalue": 0.42205940894868077}, "Tag": {"sum_sq": 0.24445412718251114, "df": 8.0, "F": 0.6790432515207923, "pvalue": 0.7014866874270548, "tukey_hsd": {}}, "ID_metabo": {}, "Quant": {"sum_sq": 0.046702137926452406, "df": 1.0, "F": 1.343298698068759, "pvalue": 0.26345898866886935}}, "Factor11": {"Seqn": {}, "ID": {"sum_sq": 0.000285882821226606, "df": 1.0, "F": 0.011430174466077357, "pvalue": 0.916187868825982}, "Group": {"sum_sq": 0.028315693612075928, "df": 2.0, "F": 0.5706508071280063, "pvalue": 0.5769594582171258, "tukey_hsd": {"groups": ["A12", "B1-8", "PBS"], "pvalues": [[1.0, 0.6539407938655593, 0.9976878357913558], [0.6539407938655593, 1.0, 0.6147076759048773], [0.9976878357913558, 0.6147076759048773, 1.0]]}}, "Ig": {"sum_sq": 0.008615748436980875, "df": 1.0, "F": 0.35179786060665014, "pvalue": 0.561388290940108}, "Control": {"sum_sq": 0.00564628419682831, "df": 1.0, "F": 0.22881485383862332, "pvalue": 0.638874647453388}, "TMT": {"sum_sq": 0.019771383985341093, "df": 1.0, "F": 0.829093052960145, "pvalue": 0.3779457221361648}, "Tag": {"sum_sq": 0.2393540044357318, "df": 8.0, "F": 1.8327192989112164, "pvalue": 0.21971245679114534, "tukey_hsd": {}}, "ID_metabo": {}, "Quant": {"sum_sq": 0.008755109483508028, "df": 1.0, "F": 0.3576154302914839, "pvalue": 0.5582041177514302}}, "Factor12": {"Seqn": {}, "ID": {"sum_sq": 0.01249520782439226, "df": 1.0, "F": 0.8192363345160205, "pvalue": 0.3788314093459151}, "Group": {"sum_sq": 0.05264954524985774, "df": 2.0, "F": 1.9367665999889923, "pvalue": 0.17856049133280197, "tukey_hsd": {"groups": ["A12", "B1-8", "PBS"], "pvalues": [[1.0, 0.6666304799006, 0.5322609837726091], [0.6666304799006, 1.0, 0.15556941569736749], [0.5322609837726091, 0.15556941569736749, 1.0]]}}, "Ig": {"sum_sq": 0.04235942734511503, "df": 1.0, "F": 3.1645167756952874, "pvalue": 0.09425738610000069}, "Control": {"sum_sq": 0.00022671999401321496, "df": 1.0, "F": 0.014153154510787639, "pvalue": 0.9067823515138045}, "TMT": {"sum_sq": 0.03431058569176861, "df": 1.0, "F": 2.313155667278071, "pvalue": 0.15054408944783296}, "Tag": {"sum_sq": 0.07105648459966009, "df": 8.0, "F": 0.3637774294187976, "pvalue": 0.9100100308660282, "tukey_hsd": {}}, "ID_metabo": {}, "Quant": {"sum_sq": 0.026657192407772572, "df": 1.0, "F": 1.8554280673642993, "pvalue": 0.19202334795569911}}, "Factor13": {"Seqn": {}, "ID": {"sum_sq": 0.022978191842857335, "df": 1.0, "F": 1.4433410916400902, "pvalue": 0.24708185526096896}, "Group": {"sum_sq": 0.07652288052062167, "df": 2.0, "F": 2.8528114240517377, "pvalue": 0.08912964971191926, "tukey_hsd": {"groups": ["A12", "B1-8", "PBS"], "pvalues": [[1.0, 0.07389521638241747, 0.5077754322452451], [0.07389521638241747, 1.0, 0.4425246166914576], [0.5077754322452451, 0.4425246166914576, 1.0]]}}, "Ig": {"sum_sq": 6.024360682282599e-05, "df": 1.0, "F": 0.003471751445026817, "pvalue": 0.953744220561184}, "Control": {"sum_sq": 0.05550333237676946, "df": 1.0, "F": 3.9966918472507613, "pvalue": 0.0628695397946934}, "TMT": {"sum_sq": 0.008897335247282255, "df": 1.0, "F": 0.4917462069043789, "pvalue": 0.4946414149870525}, "Tag": {"sum_sq": 0.17850464755767617, "df": 8.0, "F": 1.8660978300737405, "pvalue": 0.21295962327141965, "tukey_hsd": {}}, "ID_metabo": {}, "Quant": {"sum_sq": 0.001494327974941109, "df": 1.0, "F": 0.08656306885229957, "pvalue": 0.7723755167301225}}, "Factor14": {"Seqn": {}, "ID": {"sum_sq": 0.0025815447596302917, "df": 1.0, "F": 0.1889144392229258, "pvalue": 0.6696267411281385}, "Group": {"sum_sq": 0.018409012372107944, "df": 2.0, "F": 0.6807563721630767, "pvalue": 0.5212049488119557, "tukey_hsd": {"groups": ["A12", "B1-8", "PBS"], "pvalues": [[1.0, 0.8204905486419589, 0.8412865207790645], [0.8204905486419589, 1.0, 0.49009299761840275], [0.8412865207790645, 0.49009299761840275, 1.0]]}}, "Ig": {"sum_sq": 0.013488070242349305, "df": 1.0, "F": 1.0388627899016856, "pvalue": 0.32325140710606565}, "Control": {"sum_sq": 7.193715158546854e-06, "df": 1.0, "F": 0.0005203015372541599, "pvalue": 0.9820837897833034}, "TMT": {"sum_sq": 0.0026729149497403326, "df": 1.0, "F": 0.23828279815615896, "pvalue": 0.6330056749828875}, "Tag": {"sum_sq": 0.061430783302550675, "df": 8.0, "F": 0.5468941078389632, "pvalue": 0.7920404061555598, "tukey_hsd": {}}, "ID_metabo": {}, "Quant": {"sum_sq": 0.020956724464396507, "df": 1.0, "F": 1.674300488952382, "pvalue": 0.21405044830413938}}, "Factor15": {"Seqn": {}, "ID": {"sum_sq": 0.009269228223076378, "df": 1.0, "F": 0.8618264007818609, "pvalue": 0.3670222356506559}, "Group": {"sum_sq": 0.01584916971555398, "df": 2.0, "F": 0.7182170811248597, "pvalue": 0.5036483429413329, "tukey_hsd": {"groups": ["A12", "B1-8", "PBS"], "pvalues": [[1.0, 0.5663777274682892, 0.5643188015294922], [0.5663777274682892, 1.0, 0.9999934415431462], [0.5643188015294922, 0.9999934415431462, 1.0]]}}, "Ig": {"sum_sq": 0.0040018572974582405, "df": 1.0, "F": 0.36103046967247254, "pvalue": 0.5563514479313904}, "Control": {"sum_sq": 0.015849038461318046, "df": 1.0, "F": 1.5321825358129755, "pvalue": 0.23364216642047217}, "TMT": {"sum_sq": 0.0034497229335933516, "df": 1.0, "F": 0.30847848763855135, "pvalue": 0.5873812706470131}, "Tag": {"sum_sq": 0.04914942971319181, "df": 8.0, "F": 0.3879191814962808, "pvalue": 0.8959471769621967, "tukey_hsd": {}}, "ID_metabo": {}, "Quant": {"sum_sq": 0.0003398323359089023, "df": 1.0, "F": 0.030037989224774925, "pvalue": 0.864577718129891}}}