{"1": {"Mouse_ID": {}, "Treatment": {"sum_sq": 116.90127777369028, "df": 2.0, "F": 0.0764789483185833, "pvalue": 0.9267312735502773, "tukey_hsd": {"groups": ["A12", "B1-8", "PBS"], "pvalues": [[1.0, 0.9967949128249595, 0.9536060285310993], [0.9967949128249595, 1.0, 0.9275431080307117], [0.9536060285310993, 0.9275431080307117, 1.0]]}}, "Ig_treated": {"sum_sq": 112.45012645882893, "df": 1.0, "F": 0.15688185855466635, "pvalue": 0.6972756582405064}, "A12_treated": {"sum_sq": 12.07566874907391, "df": 1.0, "F": 0.01670088496200156, "pvalue": 0.8987847701737324}, "TMT": {"sum_sq": 866.8444592793387, "df": 1.0, "F": 1.1777366866901964, "pvalue": 0.29615166532200665}, "Quant": {"sum_sq": 6.1730482394674215, "df": 1.0, "F": 0.008533092177332625, "pvalue": 0.9275470490226114}}, "2": {"Mouse_ID": {}, "Treatment": {"sum_sq": 3229.1941089767392, "df": 2.0, "F": 4.531959726257929, "pvalue": 0.028869329920773477, "tukey_hsd": {"groups": ["A12", "B1-8", "PBS"], "pvalues": [[1.0, 0.02341376865966538, 0.20483810616699705], [0.02341376865966538, 1.0, 0.4735797380143175], [0.20483810616699705, 0.4735797380143175, 1.0]]}}, "Ig_treated": {"sum_sq": 42.62891454435113, "df": 1.0, "F": 0.07995481433378518, "pvalue": 0.7809840890853954}, "A12_treated": {"sum_sq": 2719.767373416372, "df": 1.0, "F": 7.4342795233513135, "pvalue": 0.014935296885558195}, "TMT": {"sum_sq": 7.53248056152511, "df": 1.0, "F": 0.013993508049537367, "pvalue": 0.9075150993193605}, "Quant": {"sum_sq": 1.0439384485649714, "df": 1.0, "F": 0.0019485128871686642, "pvalue": 0.9653374569423092}}, "3": {"Mouse_ID": {}, "Treatment": {"sum_sq": 995.2879110938798, "df": 2.0, "F": 1.440598385518113, "pvalue": 0.2677380372927293, "tukey_hsd": {"groups": ["A12", "B1-8", "PBS"], "pvalues": [[1.0, 0.3117827898971449, 0.9949118844692507], [0.3117827898971449, 1.0, 0.35627756148420553], [0.9949118844692507, 0.35627756148420553, 1.0]]}}, "Ig_treated": {"sum_sq": 201.64538138397768, "df": 1.0, "F": 0.5399455452470981, "pvalue": 0.4730886076274651}, "A12_treated": {"sum_sq": 299.19589751025836, "df": 1.0, "F": 0.8144529182738424, "pvalue": 0.38019282080169337}, "TMT": {"sum_sq": 1218.4483785656173, "df": 1.0, "F": 3.4889499530636323, "pvalue": 0.08285342866449252}, "Quant": {"sum_sq": 18.559023765166618, "df": 1.0, "F": 0.048218039913368115, "pvalue": 0.8289704819365892}}, "4": {"Mouse_ID": {}, "Treatment": {"sum_sq": 356.24818518892585, "df": 2.0, "F": 0.6234021867751179, "pvalue": 0.549445737985001, "tukey_hsd": {"groups": ["A12", "B1-8", "PBS"], "pvalues": [[1.0, 0.588391456686339, 0.9974064731889716], [0.588391456686339, 1.0, 0.6298564869238952], [0.9974064731889716, 0.6298564869238952, 1.0]]}}, "Ig_treated": {"sum_sq": 70.80625730430616, "df": 1.0, "F": 0.24782468828613935, "pvalue": 0.6253834568778435}, "A12_treated": {"sum_sq": 108.66393802314307, "df": 1.0, "F": 0.3835040349381795, "pvalue": 0.5444518307685179}, "TMT": {"sum_sq": 574.4677495825259, "df": 1.0, "F": 2.0025341173815145, "pvalue": 0.1788939851199684}, "Quant": {"sum_sq": 682.0392136088108, "df": 1.0, "F": 2.755613656494678, "pvalue": 0.11638208831379222}}, "5": {"Mouse_ID": {}, "Treatment": {"sum_sq": 1317.5172921989295, "df": 2.0, "F": 6.595825346097978, "pvalue": 0.008806039932761571, "tukey_hsd": {"groups": ["A12", "B1-8", "PBS"], "pvalues": [[1.0, 0.43439717671214606, 0.08444133176314472], [0.43439717671214606, 1.0, 0.007232991274851219], [0.08444133176314472, 0.007232991274851219, 1.0]]}}, "Ig_treated": {"sum_sq": 1157.2174228884558, "df": 1.0, "F": 11.164487543267839, "pvalue": 0.004142320850559241}, "A12_treated": {"sum_sq": 36.53280833900437, "df": 1.0, "F": 0.21032804024926494, "pvalue": 0.6526785168783268}, "TMT": {"sum_sq": 16.002352108696044, "df": 1.0, "F": 0.12725595727166505, "pvalue": 0.7266136577225754}, "Quant": {"sum_sq": 1359.7048446558745, "df": 1.0, "F": 14.94243967259453, "pvalue": 0.0013696946578813326}}, "6": {"Mouse_ID": {}, "Treatment": {"sum_sq": 984.5011189485202, "df": 2.0, "F": 4.139406106929933, "pvalue": 0.037023571915665514, "tukey_hsd": {"groups": ["A12", "B1-8", "PBS"], "pvalues": [[1.0, 0.29814277078287554, 0.029381462753581666], [0.29814277078287554, 1.0, 0.4023580819326411], [0.029381462753581666, 0.4023580819326411, 1.0]]}}, "Ig_treated": {"sum_sq": 699.8892867409594, "df": 1.0, "F": 5.413998221046802, "pvalue": 0.03343351539241424}, "A12_treated": {"sum_sq": 774.9510260971882, "df": 1.0, "F": 6.220376493357141, "pvalue": 0.02395835547636161}, "TMT": {"sum_sq": 3.989538520084974, "df": 1.0, "F": 0.022860917323766133, "pvalue": 0.881976356504005}, "Quant": {"sum_sq": 538.2117046211771, "df": 1.0, "F": 3.8615015934493906, "pvalue": 0.06701356103540358}}, "7": {"Mouse_ID": {}, "Treatment": {"sum_sq": 130.2121036844635, "df": 2.0, "F": 0.477686032556798, "pvalue": 0.6293357788349516, "tukey_hsd": {"groups": ["A12", "B1-8", "PBS"], "pvalues": [[1.0, 0.6968643379625183, 0.6661919572424135], [0.6968643379625183, 1.0, 0.9985679784508167], [0.6661919572424135, 0.9985679784508167, 1.0]]}}, "Ig_treated": {"sum_sq": 38.60440918410359, "df": 1.0, "F": 0.28916788378001185, "pvalue": 0.598155028374184}, "A12_treated": {"sum_sq": 129.85780221318967, "df": 1.0, "F": 1.0161146141447897, "pvalue": 0.32844466889219526}, "TMT": {"sum_sq": 7.218588806859894, "df": 1.0, "F": 0.05253652644878076, "pvalue": 0.822021524003457}, "Quant": {"sum_sq": 171.29469637593456, "df": 1.0, "F": 1.3680748042786575, "pvalue": 0.2592724217186795}}, "8": {"Mouse_ID": {}, "Treatment": {"sum_sq": 109.38424598174376, "df": 2.0, "F": 0.4396959897475313, "pvalue": 0.6522745338170882, "tukey_hsd": {"groups": ["A12", "B1-8", "PBS"], "pvalues": [[1.0, 0.7088321498888499, 0.9996790746584471], [0.7088321498888499, 1.0, 0.6944189015599621], [0.9996790746584471, 0.6944189015599621, 1.0]]}}, "Ig_treated": {"sum_sq": 29.818884607880946, "df": 1.0, "F": 0.24525150855805297, "pvalue": 0.6271708136536389}, "A12_treated": {"sum_sq": 24.945656150242176, "df": 1.0, "F": 0.20465796624584834, "pvalue": 0.6570604181092372}, "TMT": {"sum_sq": 76.67405746128604, "df": 1.0, "F": 0.6962076385712953, "pvalue": 0.4180715189961429}, "Quant": {"sum_sq": 80.91317680208832, "df": 1.0, "F": 0.6834372379322672, "pvalue": 0.42056388224848196}}, "9": {"Mouse_ID": {}, "Treatment": {"sum_sq": 53.11050118250093, "df": 2.0, "F": 0.23651068236632694, "pvalue": 0.7922659731611245, "tukey_hsd": {"groups": ["A12", "B1-8", "PBS"], "pvalues": [[1.0, 0.7849928352545429, 0.8841450603208987], [0.7849928352545429, 1.0, 0.9795562046111413], [0.8841450603208987, 0.9795562046111413, 1.0]]}}, "Ig_treated": {"sum_sq": 2.9543832700570984, "df": 1.0, "F": 0.027255316057325472, "pvalue": 0.8709395365250736}, "A12_treated": {"sum_sq": 48.89775694836426, "df": 1.0, "F": 0.46337548405164225, "pvalue": 0.5057831241747399}, "TMT": {"sum_sq": 0.11785467205602526, "df": 1.0, "F": 0.0012489600724762773, "pvalue": 0.9723070777565826}, "Quant": {"sum_sq": 0.2074309064632202, "df": 1.0, "F": 0.0019106033588095004, "pvalue": 0.9656760734668104}}, "10": {"Mouse_ID": {}, "Treatment": {"sum_sq": 77.01109286829438, "df": 2.0, "F": 0.4010119166183518, "pvalue": 0.6766110705136609, "tukey_hsd": {"groups": ["A12", "B1-8", "PBS"], "pvalues": [[1.0, 0.738312158733506, 0.7093264943996598], [0.738312158733506, 1.0, 0.9986718404009565], [0.7093264943996598, 0.9986718404009565, 1.0]]}}, "Ig_treated": {"sum_sq": 23.019596850714088, "df": 1.0, "F": 0.24647803113164582, "pvalue": 0.6263173949141092}, "A12_treated": {"sum_sq": 76.77960135364054, "df": 1.0, "F": 0.8527834602738055, "pvalue": 0.3694837029159255}, "TMT": {"sum_sq": 26.793646309978566, "df": 1.0, "F": 0.3793573131837688, "pvalue": 0.5478311485334728}, "Quant": {"sum_sq": 0.14682978218869364, "df": 1.0, "F": 0.0015484509060633871, "pvalue": 0.9690978811331362}}}