{"1": {"Mouse_ID": {}, "Treatment": {"sum_sq": 122.59489212471277, "df": 2.0, "F": 0.07944744827228606, "pvalue": 0.924012570158743, "tukey_hsd": {"groups": ["A12", "B1-8", "PBS"], "pvalues": [[1.0, 0.9983665918693408, 0.9470463697322553], [0.9983665918693408, 1.0, 0.9279715799920353], [0.9470463697322553, 0.9279715799920353, 1.0]]}}, "Ig_treated": {"sum_sq": 120.30691471221505, "df": 1.0, "F": 0.16629187720109603, "pvalue": 0.6888331078377162}, "A12_treated": {"sum_sq": 17.424530656592264, "df": 1.0, "F": 0.023872538450698682, "pvalue": 0.8791418676522841}, "Batch": {"sum_sq": 854.5478972678876, "df": 1.0, "F": 1.1472603788340507, "pvalue": 0.30224181724628935}, "Quant": {"sum_sq": 5.903176656967782, "df": 1.0, "F": 0.008079696521715028, "pvalue": 0.9294925185571803}}, "2": {"Mouse_ID": {}, "Treatment": {"sum_sq": 3280.293343162353, "df": 2.0, "F": 4.616392312378186, "pvalue": 0.027394256935615875, "tukey_hsd": {"groups": ["A12", "B1-8", "PBS"], "pvalues": [[1.0, 0.022195515899410934, 0.1983387112323438], [0.022195515899410934, 1.0, 0.46969045305015866], [0.1983387112323438, 0.46969045305015866, 1.0]]}}, "Ig_treated": {"sum_sq": 44.42570015094066, "df": 1.0, "F": 0.0829884649102078, "pvalue": 0.7769859165043438}, "A12_treated": {"sum_sq": 2766.361789100715, "df": 1.0, "F": 7.574864850997509, "pvalue": 0.014168456845635072}, "Batch": {"sum_sq": 8.173367621488278, "df": 1.0, "F": 0.015132262839442035, "pvalue": 0.9038451052891947}, "Quant": {"sum_sq": 1.4985539766680194, "df": 1.0, "F": 0.002785381399258923, "pvalue": 0.9585631452365235}}, "3": {"Mouse_ID": {}, "Treatment": {"sum_sq": 975.6924711168432, "df": 2.0, "F": 1.4030278846373951, "pvalue": 0.2763290051058322, "tukey_hsd": {"groups": ["A12", "B1-8", "PBS"], "pvalues": [[1.0, 0.32702885007943516, 0.9977176038725243], [0.32702885007943516, 1.0, 0.35728763483370907], [0.9977176038725243, 0.35728763483370907, 1.0]]}}, "Ig_treated": {"sum_sq": 212.19130717244863, "df": 1.0, "F": 0.5678171373503872, "pvalue": 0.46207309271819974}, "A12_treated": {"sum_sq": 277.0962585653998, "df": 1.0, "F": 0.749638196980821, "pvalue": 0.3993878516716898}, "Batch": {"sum_sq": 1216.0869734206228, "df": 1.0, "F": 3.4688128664778044, "pvalue": 0.0836542747873877}, "Quant": {"sum_sq": 21.267721596853963, "df": 1.0, "F": 0.05515069223076365, "pvalue": 0.8173105267784967}}, "4": {"Mouse_ID": {}, "Treatment": {"sum_sq": 359.2049524923602, "df": 2.0, "F": 0.6219614665509882, "pvalue": 0.5501771383653836, "tukey_hsd": {"groups": ["A12", "B1-8", "PBS"], "pvalues": [[1.0, 0.5850452127393321, 0.9961362701224798], [0.5850452127393321, 1.0, 0.6356734021180572], [0.9961362701224798, 0.6356734021180572, 1.0]]}}, "Ig_treated": {"sum_sq": 67.50627580614595, "df": 1.0, "F": 0.23362531815294152, "pvalue": 0.6353965262012932}, "A12_treated": {"sum_sq": 114.12437151228382, "df": 1.0, "F": 0.3989840935901482, "pvalue": 0.5365354952578354}, "Batch": {"sum_sq": 584.2742593711744, "df": 1.0, "F": 2.018045086088665, "pvalue": 0.1773267280574991}, "Quant": {"sum_sq": 675.8424296696676, "df": 1.0, "F": 2.693350259549461, "pvalue": 0.12027514607627626}}, "5": {"Mouse_ID": {}, "Treatment": {"sum_sq": 1797.6614971065458, "df": 2.0, "F": 12.777086242184827, "pvalue": 0.0005759938722495914, "tukey_hsd": {"groups": ["A12", "B1-8", "PBS"], "pvalues": [[1.0, 0.8451834673841156, 0.0026992975678473696], [0.8451834673841156, 1.0, 0.0008991406399669888], [0.0026992975678473696, 0.0008991406399669888, 1.0]]}}, "Ig_treated": {"sum_sq": 1775.9416361233061, "df": 1.0, "F": 26.385344317214948, "pvalue": 9.944657670981738e-05}, "A12_treated": {"sum_sq": 290.1873743081262, "df": 1.0, "F": 1.8117741262794245, "pvalue": 0.1970585047204188}, "Batch": {"sum_sq": 19.307006162587403, "df": 1.0, "F": 0.12476717048410847, "pvalue": 0.729182652627832}, "Quant": {"sum_sq": 1909.412743513456, "df": 1.0, "F": 32.38162271549445, "pvalue": 3.3460776413104e-05}}, "6": {"Mouse_ID": {}, "Treatment": {"sum_sq": 550.4572769197197, "df": 2.0, "F": 1.8322235485620495, "pvalue": 0.1941203089551588, "tukey_hsd": {"groups": ["A12", "B1-8", "PBS"], "pvalues": [[1.0, 0.23625165438070272, 0.272760994670211], [0.23625165438070272, 1.0, 0.9949963502002759], [0.272760994670211, 0.9949963502002759, 1.0]]}}, "Ig_treated": {"sum_sq": 114.56944824826549, "df": 1.0, "F": 0.6816763423605977, "pvalue": 0.42115080455710807}, "A12_treated": {"sum_sq": 549.0900682124851, "df": 1.0, "F": 3.8966707479554987, "pvalue": 0.06590544740628686}, "Batch": {"sum_sq": 0.627410609122783, "df": 1.0, "F": 0.004169988166136897, "pvalue": 0.9494250454931222}, "Quant": {"sum_sq": 43.46204390562555, "df": 1.0, "F": 0.2519328944461068, "pvalue": 0.6225539267226657}}, "7": {"Mouse_ID": {}, "Treatment": {"sum_sq": 120.46630308213558, "df": 2.0, "F": 0.44012828434072326, "pvalue": 0.652008236294481, "tukey_hsd": {"groups": ["A12", "B1-8", "PBS"], "pvalues": [[1.0, 0.7264191577346376, 0.6792586249843843], [0.7264191577346376, 1.0, 0.9965621200868828], [0.6792586249843843, 0.9965621200868828, 1.0]]}}, "Ig_treated": {"sum_sq": 39.30223539898439, "df": 1.0, "F": 0.2946790356174891, "pvalue": 0.59471947057216}, "A12_treated": {"sum_sq": 119.61125593713172, "df": 1.0, "F": 0.9318877623020896, "pvalue": 0.3487381672111798}, "Batch": {"sum_sq": 3.692841316181109, "df": 1.0, "F": 0.02690563829635724, "pvalue": 0.8720525580689311}, "Quant": {"sum_sq": 164.55665595947582, "df": 1.0, "F": 1.3107423207553297, "pvalue": 0.2690981312835568}}, "8": {"Mouse_ID": {}, "Treatment": {"sum_sq": 131.41312097304083, "df": 2.0, "F": 0.5312319276647781, "pvalue": 0.5985400525069466, "tukey_hsd": {"groups": ["A12", "B1-8", "PBS"], "pvalues": [[1.0, 0.6490810122333316, 0.9999061741076061], [0.6490810122333316, 1.0, 0.6569752914817149], [0.9999061741076061, 0.6569752914817149, 1.0]]}}, "Ig_treated": {"sum_sq": 31.42353149366524, "df": 1.0, "F": 0.2571356496267555, "pvalue": 0.619012061438176}, "A12_treated": {"sum_sq": 34.304079365231615, "df": 1.0, "F": 0.2811210360832163, "pvalue": 0.6032486462012998}, "Batch": {"sum_sq": 72.34321072055822, "df": 1.0, "F": 0.6270046302722624, "pvalue": 0.441666879532306}, "Quant": {"sum_sq": 77.52950223184865, "df": 1.0, "F": 0.6497370715353527, "pvalue": 0.4320245962803385}}, "9": {"Mouse_ID": {}, "Treatment": {"sum_sq": 50.43419655518993, "df": 2.0, "F": 0.22503906716348454, "pvalue": 0.8011324850717273, "tukey_hsd": {"groups": ["A12", "B1-8", "PBS"], "pvalues": [[1.0, 0.7999669712583368, 0.8765184857614602], [0.7999669712583368, 1.0, 0.987667846931045], [0.8765184857614602, 0.987667846931045, 1.0]]}}, "Ig_treated": {"sum_sq": 4.3468318236296115, "df": 1.0, "F": 0.04027325465151189, "pvalue": 0.8434760335782945}, "A12_treated": {"sum_sq": 47.909903296634184, "df": 1.0, "F": 0.4553707098676347, "pvalue": 0.5094298874914628}, "Batch": {"sum_sq": 0.6305101013870076, "df": 1.0, "F": 0.006941860128032745, "pvalue": 0.9347784261098268}, "Quant": {"sum_sq": 0.9643833442107747, "df": 1.0, "F": 0.008917513918317995, "pvalue": 0.9259380333954448}}, "10": {"Mouse_ID": {}, "Treatment": {"sum_sq": 77.34373397854849, "df": 2.0, "F": 0.4070361564852964, "pvalue": 0.6727543896850184, "tukey_hsd": {"groups": ["A12", "B1-8", "PBS"], "pvalues": [[1.0, 0.7393604426336229, 0.7022071651682167], [0.7393604426336229, 1.0, 0.9978260242610536], [0.7022071651682167, 0.9978260242610536, 1.0]]}}, "Ig_treated": {"sum_sq": 24.176775688446458, "df": 1.0, "F": 0.26167227767549706, "pvalue": 0.6159605916859674}, "A12_treated": {"sum_sq": 76.96863514948039, "df": 1.0, "F": 0.8639051551137116, "pvalue": 0.36645981222830426}, "Batch": {"sum_sq": 14.850411705492062, "df": 1.0, "F": 0.21156588916827915, "pvalue": 0.6526049940335361}, "Quant": {"sum_sq": 0.4590862709842683, "df": 1.0, "F": 0.0048903634608795845, "pvalue": 0.9451150539770181}}}