{"1": {"Mouse_ID": {}, "Treatment": {"sum_sq": 122.59489212471271, "df": 2.0, "F": 0.07944744827228599, "pvalue": 0.924012570158743, "tukey_hsd": {"groups": ["A12", "B1-8", "PBS"], "pvalues": [[1.0, 0.9983665918693411, 0.9470463697322546], [0.9983665918693411, 1.0, 0.9279715799920357], [0.9470463697322546, 0.9279715799920357, 1.0]]}}, "Ig_treated": {"sum_sq": 120.30691471221532, "df": 1.0, "F": 0.16629187720109637, "pvalue": 0.6888331078377162}, "A12_treated": {"sum_sq": 17.424530656592847, "df": 1.0, "F": 0.023872538450699473, "pvalue": 0.8791418676522841}, "Batch": {"sum_sq": 854.5478972678874, "df": 1.0, "F": 1.1472603788340494, "pvalue": 0.3022418172462896}, "Quant": {"sum_sq": 5.9031766569678705, "df": 1.0, "F": 0.008079696521715144, "pvalue": 0.9294925185571803}}, "2": {"Mouse_ID": {}, "Treatment": {"sum_sq": 3280.293343162367, "df": 2.0, "F": 4.616392312378193, "pvalue": 0.027394256935615764, "tukey_hsd": {"groups": ["A12", "B1-8", "PBS"], "pvalues": [[1.0, 0.022195515899410934, 0.1983387112323438], [0.022195515899410934, 1.0, 0.4696904530501571], [0.1983387112323438, 0.4696904530501571, 1.0]]}}, "Ig_treated": {"sum_sq": 44.4257001509404, "df": 1.0, "F": 0.08298846491020703, "pvalue": 0.7769859165043438}, "A12_treated": {"sum_sq": 2766.361789100725, "df": 1.0, "F": 7.574864850997512, "pvalue": 0.01416845684563503}, "Batch": {"sum_sq": 8.173367621487937, "df": 1.0, "F": 0.01513226283944135, "pvalue": 0.9038451052891947}, "Quant": {"sum_sq": 1.498553976667914, "df": 1.0, "F": 0.002785381399258718, "pvalue": 0.9585631452365235}}, "3": {"Mouse_ID": {}, "Treatment": {"sum_sq": 975.692471116841, "df": 2.0, "F": 1.4030278846373907, "pvalue": 0.2763290051058333, "tukey_hsd": {"groups": ["A12", "B1-8", "PBS"], "pvalues": [[1.0, 0.3270288500794365, 0.9977176038725244], [0.3270288500794365, 1.0, 0.3572876348337103], [0.9977176038725244, 0.3572876348337103, 1.0]]}}, "Ig_treated": {"sum_sq": 212.19130717244823, "df": 1.0, "F": 0.567817137350386, "pvalue": 0.4620730927182013}, "A12_treated": {"sum_sq": 277.09625856539884, "df": 1.0, "F": 0.749638196980818, "pvalue": 0.3993878516716909}, "Batch": {"sum_sq": 1216.0869734206228, "df": 1.0, "F": 3.468812866477802, "pvalue": 0.08365427478738788}, "Quant": {"sum_sq": 21.267721596854024, "df": 1.0, "F": 0.055150692230763784, "pvalue": 0.8173105267784967}}, "4": {"Mouse_ID": {}, "Treatment": {"sum_sq": 359.20495249235677, "df": 2.0, "F": 0.6219614665509829, "pvalue": 0.5501771383653861, "tukey_hsd": {"groups": ["A12", "B1-8", "PBS"], "pvalues": [[1.0, 0.5850452127393343, 0.9961362701224798], [0.5850452127393343, 1.0, 0.6356734021180599], [0.9961362701224798, 0.6356734021180599, 1.0]]}}, "Ig_treated": {"sum_sq": 67.50627580614506, "df": 1.0, "F": 0.23362531815293877, "pvalue": 0.6353965262012957}, "A12_treated": {"sum_sq": 114.12437151228319, "df": 1.0, "F": 0.39898409359014664, "pvalue": 0.5365354952578354}, "Batch": {"sum_sq": 584.2742593711737, "df": 1.0, "F": 2.0180450860886663, "pvalue": 0.1773267280574991}, "Quant": {"sum_sq": 675.8424296696629, "df": 1.0, "F": 2.693350259549445, "pvalue": 0.12027514607627733}}, "5": {"Mouse_ID": {}, "Treatment": {"sum_sq": 1797.661497106605, "df": 2.0, "F": 12.777086242186002, "pvalue": 0.0005759938722493418, "tukey_hsd": {"groups": ["A12", "B1-8", "PBS"], "pvalues": [[1.0, 0.8451834673842195, 0.0026992975678455933], [0.8451834673842195, 1.0, 0.0008991406399667667], [0.0026992975678455933, 0.0008991406399667667, 1.0]]}}, "Ig_treated": {"sum_sq": 1775.9416361233828, "df": 1.0, "F": 26.385344317218024, "pvalue": 9.944657670975762e-05}, "A12_treated": {"sum_sq": 290.1873743081967, "df": 1.0, "F": 1.8117741262799154, "pvalue": 0.19705850472036124}, "Batch": {"sum_sq": 19.307006162588518, "df": 1.0, "F": 0.12476717048411083, "pvalue": 0.7291826526278302}, "Quant": {"sum_sq": 1909.4127435135092, "df": 1.0, "F": 32.38162271549729, "pvalue": 3.346077641308786e-05}}, "6": {"Mouse_ID": {}, "Treatment": {"sum_sq": 550.4572769196592, "df": 2.0, "F": 1.8322235485617977, "pvalue": 0.19412030895519802, "tukey_hsd": {"groups": ["A12", "B1-8", "PBS"], "pvalues": [[1.0, 0.23625165438069873, 0.2727609946703171], [0.23625165438069873, 1.0, 0.9949963502002472], [0.2727609946703171, 0.9949963502002472, 1.0]]}}, "Ig_treated": {"sum_sq": 114.56944824818731, "df": 1.0, "F": 0.6816763423601122, "pvalue": 0.42115080455726916}, "A12_treated": {"sum_sq": 549.0900682124169, "df": 1.0, "F": 3.896670747954894, "pvalue": 0.0659054474063057}, "Batch": {"sum_sq": 0.6274106091221744, "df": 1.0, "F": 0.004169988166133016, "pvalue": 0.949425045493141}, "Quant": {"sum_sq": 43.46204390557602, "df": 1.0, "F": 0.251932894445815, "pvalue": 0.6225539267228655}}, "7": {"Mouse_ID": {}, "Treatment": {"sum_sq": 120.46630308213376, "df": 2.0, "F": 0.4401282843407184, "pvalue": 0.6520082362944839, "tukey_hsd": {"groups": ["A12", "B1-8", "PBS"], "pvalues": [[1.0, 0.7264191577346406, 0.6792586249843864], [0.7264191577346406, 1.0, 0.9965621200868827], [0.6792586249843864, 0.9965621200868827, 1.0]]}}, "Ig_treated": {"sum_sq": 39.302235398984045, "df": 1.0, "F": 0.29467903561748776, "pvalue": 0.59471947057216}, "A12_treated": {"sum_sq": 119.61125593713, "df": 1.0, "F": 0.9318877623020799, "pvalue": 0.3487381672111827}, "Batch": {"sum_sq": 3.692841316181076, "df": 1.0, "F": 0.026905638296357125, "pvalue": 0.8720525580689311}, "Quant": {"sum_sq": 164.55665595947454, "df": 1.0, "F": 1.3107423207553253, "pvalue": 0.269098131283558}}, "8": {"Mouse_ID": {}, "Treatment": {"sum_sq": 131.4131209730421, "df": 2.0, "F": 0.5312319276647846, "pvalue": 0.5985400525069434, "tukey_hsd": {"groups": ["A12", "B1-8", "PBS"], "pvalues": [[1.0, 0.6490810122333277, 0.999906174107606], [0.6490810122333277, 1.0, 0.6569752914817117], [0.999906174107606, 0.6569752914817117, 1.0]]}}, "Ig_treated": {"sum_sq": 31.423531493665493, "df": 1.0, "F": 0.257135649626758, "pvalue": 0.6190120614381734}, "A12_treated": {"sum_sq": 34.30407936523209, "df": 1.0, "F": 0.28112103608322075, "pvalue": 0.6032486462012974}, "Batch": {"sum_sq": 72.34321072055796, "df": 1.0, "F": 0.6270046302722597, "pvalue": 0.44166687953230666}, "Quant": {"sum_sq": 77.52950223184799, "df": 1.0, "F": 0.649737071535348, "pvalue": 0.43202459628033985}}, "9": {"Mouse_ID": {}, "Treatment": {"sum_sq": 50.434196555188876, "df": 2.0, "F": 0.22503906716347996, "pvalue": 0.8011324850717307, "tukey_hsd": {"groups": ["A12", "B1-8", "PBS"], "pvalues": [[1.0, 0.799966971258341, 0.8765184857614612], [0.799966971258341, 1.0, 0.9876678469310459], [0.8765184857614612, 0.9876678469310459, 1.0]]}}, "Ig_treated": {"sum_sq": 4.346831823629703, "df": 1.0, "F": 0.040273254651512776, "pvalue": 0.8434760335782945}, "A12_treated": {"sum_sq": 47.90990329663333, "df": 1.0, "F": 0.45537070986762673, "pvalue": 0.5094298874914662}, "Batch": {"sum_sq": 0.6305101013871063, "df": 1.0, "F": 0.00694186012803386, "pvalue": 0.9347784261098194}, "Quant": {"sum_sq": 0.9643833442107239, "df": 1.0, "F": 0.008917513918317532, "pvalue": 0.9259380333954594}}, "10": {"Mouse_ID": {}, "Treatment": {"sum_sq": 77.34373397854772, "df": 2.0, "F": 0.40703615648529223, "pvalue": 0.6727543896850208, "tukey_hsd": {"groups": ["A12", "B1-8", "PBS"], "pvalues": [[1.0, 0.7393604426336251, 0.702207165168219], [0.7393604426336251, 1.0, 0.9978260242610537], [0.702207165168219, 0.9978260242610537, 1.0]]}}, "Ig_treated": {"sum_sq": 24.176775688446234, "df": 1.0, "F": 0.2616722776754946, "pvalue": 0.6159605916859698}, "A12_treated": {"sum_sq": 76.96863514947968, "df": 1.0, "F": 0.8639051551137031, "pvalue": 0.3664598122283075}, "Batch": {"sum_sq": 14.850411705492869, "df": 1.0, "F": 0.21156588916829022, "pvalue": 0.6526049940335277}, "Quant": {"sum_sq": 0.45908627098429616, "df": 1.0, "F": 0.004890363460879882, "pvalue": 0.9451150539770181}}}