{"1": {"Mouse_ID": {}, "Treatment": {"sum_sq": 421.2699474733063, "df": 2.0, "F": 0.24279818079254323, "pvalue": 0.7879084749225223, "tukey_hsd": {"groups": ["A12", "B1-8", "PBS"], "pvalues": [[1.0, 0.7827087227422267, 0.9883200979765192], [0.7827087227422267, 1.0, 0.8703034393701297], [0.9883200979765192, 0.8703034393701297, 1.0]]}}, "Ig_treated": {"sum_sq": 27.991169301517875, "df": 1.0, "F": 0.03357640489590679, "pvalue": 0.8572380031603041}, "A12_treated": {"sum_sq": 200.19963392649015, "df": 1.0, "F": 0.24374302559469344, "pvalue": 0.6291706877629737}, "Batch": {"sum_sq": 70.9775881281405, "df": 1.0, "F": 0.08545488684942817, "pvalue": 0.7743243057135402}, "Quant": {"sum_sq": 5.083621266356753, "df": 1.0, "F": 0.006086039497944509, "pvalue": 0.9389216889279062}}, "2": {"Mouse_ID": {}, "Treatment": {"sum_sq": 2389.9526751679314, "df": 2.0, "F": 2.5355515676771048, "pvalue": 0.11755239197904033, "tukey_hsd": {"groups": ["A12", "B1-8", "PBS"], "pvalues": [[1.0, 0.1062422511454113, 0.8054582462852855], [0.1062422511454113, 1.0, 0.3169716147276138], [0.8054582462852855, 0.3169716147276138, 1.0]]}}, "Ig_treated": {"sum_sq": 82.95905712512625, "df": 1.0, "F": 0.13771188139351156, "pvalue": 0.7161216920291642}, "A12_treated": {"sum_sq": 1310.767786614133, "df": 1.0, "F": 2.54661573649153, "pvalue": 0.13285009281395585}, "Batch": {"sum_sq": 233.58798864225864, "df": 1.0, "F": 0.3948069876076233, "pvalue": 0.5398993306382255}, "Quant": {"sum_sq": 275.3097293659121, "df": 1.0, "F": 0.46768014831087595, "pvalue": 0.505218956807345}}, "3": {"Mouse_ID": {}, "Treatment": {"sum_sq": 2734.852539745764, "df": 2.0, "F": 4.572472003587555, "pvalue": 0.03135790048990508, "tukey_hsd": {"groups": ["A12", "B1-8", "PBS"], "pvalues": [[1.0, 0.6912880949208973, 0.027469696438409907], [0.6912880949208973, 1.0, 0.14049270264960667], [0.027469696438409907, 0.14049270264960667, 1.0]]}}, "Ig_treated": {"sum_sq": 2528.467508929535, "df": 1.0, "F": 8.646199616810556, "pvalue": 0.010747269972771563}, "A12_treated": {"sum_sq": 1483.1241954669217, "df": 1.0, "F": 4.040062783535424, "pvalue": 0.06410874191897113}, "Batch": {"sum_sq": 2.46237507573273, "df": 1.0, "F": 0.00520734436732088, "pvalue": 0.9434938316056436}, "Quant": {"sum_sq": 2726.4197222975754, "df": 1.0, "F": 9.796784001770828, "pvalue": 0.0073794752425765785}}, "4": {"Mouse_ID": {}, "Treatment": {"sum_sq": 32.678368444304354, "df": 2.0, "F": 0.052639135322979466, "pvalue": 0.9489234622089892, "tukey_hsd": {"groups": ["A12", "B1-8", "PBS"], "pvalues": [[1.0, 0.9449280353412218, 0.9810465459825155], [0.9449280353412218, 1.0, 0.9908609159976782], [0.9810465459825155, 0.9908609159976782, 1.0]]}}, "Ig_treated": {"sum_sq": 0.6388497983660354, "df": 1.0, "F": 0.002199009665613343, "pvalue": 0.963260400072086}, "A12_treated": {"sum_sq": 27.505516675617994, "df": 1.0, "F": 0.09530737067902449, "pvalue": 0.7620815185515845}, "Batch": {"sum_sq": 1.4163756786063104, "df": 1.0, "F": 0.004876293841853916, "pvalue": 0.9453162494288408}, "Quant": {"sum_sq": 28.49489984500818, "df": 1.0, "F": 0.09875979426594252, "pvalue": 0.7579572674528098}}, "5": {"Mouse_ID": {}, "Treatment": {"sum_sq": 905.2413831984436, "df": 2.0, "F": 2.791387375520398, "pvalue": 0.09804221910655217, "tukey_hsd": {"groups": ["A12", "B1-8", "PBS"], "pvalues": [[1.0, 0.1092668782398113, 0.9733796701816465], [0.1092668782398113, 1.0, 0.18062280222656546], [0.9733796701816465, 0.18062280222656546, 1.0]]}}, "Ig_treated": {"sum_sq": 123.29694556395908, "df": 1.0, "F": 0.5973107268874018, "pvalue": 0.45245758228008925}, "A12_treated": {"sum_sq": 325.74205018306805, "df": 1.0, "F": 1.6969289609271105, "pvalue": 0.21371143453159597}, "Batch": {"sum_sq": 18.095620641562544, "df": 1.0, "F": 0.08458486832228714, "pvalue": 0.7754417102308931}, "Quant": {"sum_sq": 29.976829724457566, "df": 1.0, "F": 0.14067960058553913, "pvalue": 0.7132273290964208}}, "6": {"Mouse_ID": {}, "Treatment": {"sum_sq": 809.8500589468888, "df": 2.0, "F": 2.405362759213585, "pvalue": 0.1291817965269651, "tukey_hsd": {"groups": ["A12", "B1-8", "PBS"], "pvalues": [[1.0, 0.46443310989535047, 0.11255705585394515], [0.46443310989535047, 1.0, 0.6373984039228766], [0.11255705585394515, 0.6373984039228766, 1.0]]}}, "Ig_treated": {"sum_sq": 560.5153084920701, "df": 1.0, "F": 3.2189888524327035, "pvalue": 0.09440628017559792}, "A12_treated": {"sum_sq": 667.1897868704986, "df": 1.0, "F": 4.006949698805462, "pvalue": 0.06508155899668619}, "Batch": {"sum_sq": 49.592422377914836, "df": 1.0, "F": 0.23545671294931597, "pvalue": 0.6350122044156914}, "Quant": {"sum_sq": 607.6020960607408, "df": 1.0, "F": 3.55813063372237, "pvalue": 0.08017125629605722}}, "7": {"Mouse_ID": {}, "Treatment": {"sum_sq": 247.7215228191608, "df": 2.0, "F": 0.7747331098581947, "pvalue": 0.4809787579615363, "tukey_hsd": {"groups": ["A12", "B1-8", "PBS"], "pvalues": [[1.0, 0.46578072322757114, 0.9488416156638012], [0.46578072322757114, 1.0, 0.6697464502637069], [0.9488416156638012, 0.6697464502637069, 1.0]]}}, "Ig_treated": {"sum_sq": 11.878469102958254, "df": 1.0, "F": 0.07185934741028206, "pvalue": 0.792557812237688}, "A12_treated": {"sum_sq": 127.61690408170327, "df": 1.0, "F": 0.8126672980502702, "pvalue": 0.3825797855736684}, "Batch": {"sum_sq": 1.9036693809075873, "df": 1.0, "F": 0.011466910982127107, "pvalue": 0.9162420121292933}, "Quant": {"sum_sq": 4.79855061305309, "df": 1.0, "F": 0.02894051562701797, "pvalue": 0.8673503539362181}}, "8": {"Mouse_ID": {}, "Treatment": {"sum_sq": 95.91601163548304, "df": 2.0, "F": 0.3435151710625398, "pvalue": 0.7155200285135123, "tukey_hsd": {"groups": ["A12", "B1-8", "PBS"], "pvalues": [[1.0, 0.8879951583579344, 0.9168170358617295], [0.8879951583579344, 1.0, 0.6929727918869194], [0.9168170358617295, 0.6929727918869194, 1.0]]}}, "Ig_treated": {"sum_sq": 65.54350909859315, "df": 1.0, "F": 0.49726909083790494, "pvalue": 0.4922690720519193}, "A12_treated": {"sum_sq": 0.22274664548787484, "df": 1.0, "F": 0.001632170081402655, "pvalue": 0.9683446219698005}, "Batch": {"sum_sq": 1.4316065850351731, "df": 1.0, "F": 0.010496700253500675, "pvalue": 0.9198498200009512}, "Quant": {"sum_sq": 310.6910964892683, "df": 1.0, "F": 2.7182933688406177, "pvalue": 0.12145404295956204}}, "9": {"Mouse_ID": {}, "Treatment": {"sum_sq": 503.83679328493383, "df": 2.0, "F": 2.842571442508932, "pvalue": 0.09460302835857241, "tukey_hsd": {"groups": ["A12", "B1-8", "PBS"], "pvalues": [[1.0, 0.9995651243576357, 0.1261234574032255], [0.9995651243576357, 1.0, 0.14002144713320186], [0.1261234574032255, 0.14002144713320186, 1.0]]}}, "Ig_treated": {"sum_sq": 503.7668714785703, "df": 1.0, "F": 6.12124040012456, "pvalue": 0.026771226634416726}, "A12_treated": {"sum_sq": 132.155368094236, "df": 1.0, "F": 1.2141963025492104, "pvalue": 0.2890861972322406}, "Batch": {"sum_sq": 1.5741409768734396, "df": 1.0, "F": 0.01332109051805623, "pvalue": 0.9097536930274007}, "Quant": {"sum_sq": 77.2663149014942, "df": 1.0, "F": 0.6852128970368258, "pvalue": 0.42168431506651416}}, "10": {"Mouse_ID": {}, "Treatment": {"sum_sq": 58.14244930174384, "df": 2.0, "F": 0.279082315961857, "pvalue": 0.7608970843112751, "tukey_hsd": {"groups": ["A12", "B1-8", "PBS"], "pvalues": [[1.0, 0.8241775921144867, 0.7837026106265441], [0.8241775921144867, 1.0, 0.9971914181321727], [0.7837026106265441, 0.9971914181321727, 1.0]]}}, "Ig_treated": {"sum_sq": 21.027576001905608, "df": 1.0, "F": 0.21159238905274963, "pvalue": 0.6525848191213126}, "A12_treated": {"sum_sq": 57.6109321347484, "df": 1.0, "F": 0.5953716462868895, "pvalue": 0.45317726365484157}, "Batch": {"sum_sq": 7.553942927131723, "df": 1.0, "F": 0.07528334954008904, "pvalue": 0.7878011763227553}, "Quant": {"sum_sq": 3.5991334764198393, "df": 1.0, "F": 0.03576862466720545, "pvalue": 0.8527084895634572}}}